ffd8 ffe0 0010 4a46 4946 0001 0101 0078
0078 0000 ffe1 3358 4578 6966 0000 4d4d
002a 0000 0008 000c 010f 0002 0000 0006
0000 08aa 0110 0002 0000 000d 0000 08b0
0112 0003 0000 0001 0001 0000 0131 0002
0000 002e 0000 08be 0132 0002 0000 0014
0000 08ec 013b 0002 0000 0001 0000 0000
0213 0003 0000 0001 0002 0000 8298 0002
0000 0001 0000 0000 8769 0004 0000 0001
0000 0900 8825 0004 0000 0001 0000 333c
9c9d 0001 0000 0002 0000 0000 ea1c 0007
0000 080c 0000 009e 0000 0000 1cea 0000
0008 0000 0000 0000 0000 0000 0000 0000
0000 0000 0000 0000 0000 0000 0000 0000
0000 0000 0000 0000 0000 0000 0000 0000
0000 0000 0000 0000 0000 0000 0000 0000
0000 0000 0000 0000 0000 0000 0000 0000
0000 0000 0000 0000 0000 0000 0000 0000
0000 0000 0000 0000 0000 0000 0000 0000
0000 0000 0000 0000 0000 0000 0000 0000
0000 0000 0000 0000 0000 0000 0000 0000
0000 0000 0000 0000 0000 0000 0000 0000
0000 0000 0000 0000 0000 0000 0000 0000
0000 0000 0000 0000 0000 0000 0000 0000
0000 0000 0000 0000 0000 0000 0000 0000
0000 0000 0000 0000 0000 0000 0000 0000
0000 0000 0000 0000 0000 0000 0000 0000
0000 0000 0000 0000 0000 0000 0000 0000
0000 0000 0000 0000 0000 0000 0000 0000
0000 0000 0000 0000 0000 0000 0000 0000
0000 0000 0000 0000 0000 0000 0000 0000
0000 0000 0000 0000 0000 0000 0000 0000
0000 0000 0000 0000 0000 0000 0000 0000
0000 0000 0000 0000 0000 0000 0000 0000
0000 0000 0000 0000 0000 0000 0000 0000
0000 0000 0000 0000 0000 0000 0000 0000
0000 0000 0000 0000 0000 0000 0000 0000
0000 0000 0000 0000 0000 0000 0000 0000
0000 0000 0000 0000 0000 0000 0000 0000
0000 0000 0000 0000 0000 0000 0000 0000
0000 0000 0000 0000 0000 0000 0000 0000
0000 0000 0000 0000 0000 0000 0000 0000
0000 0000 0000 0000 0000 0000 0000 0000
0000 0000 0000 0000 0000 0000 0000 0000
0000 0000 0000 0000 0000 0000 0000 0000
0000 0000 0000 0000 0000 0000 0000 0000
0000 0000 0000 0000 0000 0000 0000 0000
0000 0000 0000 0000 0000 0000 0000 0000
0000 0000 0000 0000 0000 0000 0000 0000
0000 0000 0000 0000 0000 0000 0000 0000
0000 0000 0000 0000 0000 0000 0000 0000
0000 0000 0000 0000 0000 0000 0000 0000
0000 0000 0000 0000 0000 0000 0000 0000
0000 0000 0000 0000 0000 0000 0000 0000
0000 0000 0000 0000 0000 0000 0000 0000
0000 0000 0000 0000 0000 0000 0000 0000
0000 0000 0000 0000 0000 0000 0000 0000
0000 0000 0000 0000 0000 0000 0000 0000
0000 0000 0000 0000 0000 0000 0000 0000
0000 0000 0000 0000 0000 0000 0000 0000
0000 0000 0000 0000 0000 0000 0000 0000
0000 0000 0000 0000 0000 0000 0000 0000
0000 0000 0000 0000 0000 0000 0000 0000
0000 0000 0000 0000 0000 0000 0000 0000
0000 0000 0000 0000 0000 0000 0000 0000
0000 0000 0000 0000 0000 0000 0000 0000
0000 0000 0000 0000 0000 0000 0000 0000
0000 0000 0000 0000 0000 0000 0000 0000
0000 0000 0000 0000 0000 0000 0000 0000
0000 0000 0000 0000 0000 0000 0000 0000
0000 0000 0000 0000 0000 0000 0000 0000
0000 0000 0000 0000 0000 0000 0000 0000
0000 0000 0000 0000 0000 0000 0000 0000
0000 0000 0000 0000 0000 0000 0000 0000
0000 0000 0000 0000 0000 0000 0000 0000
0000 0000 0000 0000 0000 0000 0000 0000
0000 0000 0000 0000 0000 0000 0000 0000
0000 0000 0000 0000 0000 0000 0000 0000
0000 0000 0000 0000 0000 0000 0000 0000
0000 0000 0000 0000 0000 0000 0000 0000
0000 0000 0000 0000 0000 0000 0000 0000
0000 0000 0000 0000 0000 0000 0000 0000
0000 0000 0000 0000 0000 0000 0000 0000
0000 0000 0000 0000 0000 0000 0000 0000
0000 0000 0000 0000 0000 0000 0000 0000
0000 0000 0000 0000 0000 0000 0000 0000
0000 0000 0000 0000 0000 0000 0000 0000
0000 0000 0000 0000 0000 0000 0000 0000
0000 0000 0000 0000 0000 0000 0000 0000
0000 0000 0000 0000 0000 0000 0000 0000
0000 0000 0000 0000 0000 0000 0000 0000
0000 0000 0000 0000 0000 0000 0000 0000
0000 0000 0000 0000 0000 0000 0000 0000
0000 0000 0000 0000 0000 0000 0000 0000
0000 0000 0000 0000 0000 0000 0000 0000
0000 0000 0000 0000 0000 0000 0000 0000
0000 0000 0000 0000 0000 0000 0000 0000
0000 0000 0000 0000 0000 0000 0000 0000
0000 0000 0000 0000 0000 0000 0000 0000
0000 0000 0000 0000 0000 0000 0000 0000
0000 0000 0000 0000 0000 0000 0000 0000
0000 0000 0000 0000 0000 0000 0000 0000
0000 0000 0000 0000 0000 0000 0000 0000
0000 0000 0000 0000 0000 0000 0000 0000
0000 0000 0000 0000 0000 0000 0000 0000
0000 0000 0000 0000 0000 0000 0000 0000
0000 0000 0000 0000 0000 0000 0000 0000
0000 0000 0000 0000 0000 0000 0000 0000
0000 0000 0000 0000 0000 0000 0000 0000
0000 0000 0000 0000 0000 0000 0000 0000
0000 0000 0000 0000 0000 0000 0000 0000
0000 0000 0000 0000 0000 0000 0000 0000
0000 0000 0000 0000 0000 0000 0000 0000
0000 0000 0000 0000 0000 0000 0000 0000
0000 0000 0000 0000 0000 0000 0000 0000
0000 0000 0000 0000 0000 0000 0000 0000
0000 0000 0000 0000 0000 0000 0000 0000
0000 0000 0000 0000 0000 0000 0000 0000
0000 0000 0000 0000 0000 0000 0000 0000
0000 0000 0000 0000 0000 0000 0000 0000
0000 0000 0000 0000 0000 0000 0000 0000
0000 0000 0000 0000 0000 0000 0000 0000
0000 0000 0000 0000 0000 0000 0000 0000
0000 0000 0000 0000 0000 0000 0000 0000
0000 0000 0000 0000 0000 0000 0000 0000
0000 0000 0000 0000 0000 0000 0000 0000
0000 0000 0000 0000 0000 0000 0000 0000
0000 0000 0000 0000 0000 0000 0000 0000
0000 0000 0000 0000 0000 0000 0000 0000
0000 0000 0000 0000 0000 0000 0000 0000
0000 0000 0000 0000 0000 0000 0000 0000
0000 0000 0000 0000 0000 0000 0000 0000
0000 0000 0000 0000 0000 0000 0000 0000
0000 0000 0000 0000 0000 0000 0000 0000
0000 0000 0000 0000 0000 0000 0000 0000
0000 0000 0000 0000 0000 0000 0000 0000
0000 0000 0000 0000 0000 0000 0000 0000
0000 0000 0000 0000 0000 0000 0000 0000
0000 0000 0000 0000 0000 0000 0000 0000
0000 0000 0000 0000 0000 0000 0000 0000
0000 0000 0000 0000 4361 6e6f 6e00 4361
6e6f 6e20 454f 5320 3744 0000 4d69 6372
6f73 6f66 7420 5769 6e64 6f77 7320 5068
6f74 6f20 5669 6577 6572 2036 2e31 2e37
3630 302e 3136 3338 3500 3230 3133 3a31
313a 3237 2030 373a 3239 3a34 3400 0021
829a 0005 0000 0001 0000 129e 829d 0005
0000 0001 0000 12a6 8822 0003 0000 0001
0002 0000 8827 0003 0000 0001 0190 0000
9000 0007 0000 0004 3032 3231 9003 0002
0000 0014 0000 12ae 9004 0002 0000 0014
0000 12c2 9101 0007 0000 0004 0102 0300
9201 0005 0000 0001 0000 12d6 9202 0005
0000 0001 0000 12de 9204 0005 0000 0001
0000 12e6 9207 0003 0000 0001 0005 0000
9209 0003 0000 0001 0009 0000 920a 0005
0000 0001 0000 12ee 927c 0007 0000 1f1a
0000 12f6 9286 0007 0000 0108 0000 3210
9290 0002 0000 0003 3636 0000 9291 0002
0000 0003 3636 0000 9292 0002 0000 0003
3636 0000 a000 0007 0000 0004 3031 3030
a001 0003 0000 0001 0001 0000 a002 0004
0000 0001 0000 0d80 a003 0004 0000 0001
0000 1440 a005 0004 0000 0001 0000 3318
a20e 0005 0000 0001 0000 332c a20f 0005
0000 0001 0000 3334 a210 0003 0000 0001
0002 0000 a401 0003 0000 0001 0000 0000
a402 0003 0000 0001 0000 0000 a403 0003
0000 0001 0000 0000 a406 0003 0000 0001
0000 0000 ea1c 0007 0000 080c 0000 0a92
ea1d 0009 0000 0001 0000 1048 0000 0000
1cea 0000 0008 0000 0000 0000 0000 0000
0000 0000 0000 0000 0000 0000 0000 0000
0000 0000 0000 0000 0000 0000 0000 0000
0000 0000 0000 0000 0000 0000 0000 0000
0000 0000 0000 0000 0000 0000 0000 0000
0000 0000 0000 0000 0000 0000 0000 0000
0000 0000 0000 0000 0000 0000 0000 0000
0000 0000 0000 0000 0000 0000 0000 0000
0000 0000 0000 0000 0000 0000 0000 0000
0000 0000 0000 0000 0000 0000 0000 0000
0000 0000 0000 0000 0000 0000 0000 0000
0000 0000 0000 0000 0000 0000 0000 0000
0000 0000 0000 0000 0000 0000 0000 0000
0000 0000 0000 0000 0000 0000 0000 0000
0000 0000 0000 0000 0000 0000 0000 0000
0000 0000 0000 0000 0000 0000 0000 0000
0000 0000 0000 0000 0000 0000 0000 0000
0000 0000 0000 0000 0000 0000 0000 0000
0000 0000 0000 0000 0000 0000 0000 0000
0000 0000 0000 0000 0000 0000 0000 0000
0000 0000 0000 0000 0000 0000 0000 0000
0000 0000 0000 0000 0000 0000 0000 0000
0000 0000 0000 0000 0000 0000 0000 0000
0000 0000 0000 0000 0000 0000 0000 0000
0000 0000 0000 0000 0000 0000 0000 0000
0000 0000 0000 0000 0000 0000 0000 0000
0000 0000 0000 0000 0000 0000 0000 0000
0000 0000 0000 0000 0000 0000 0000 0000
0000 0000 0000 0000 0000 0000 0000 0000
0000 0000 0000 0000 0000 0000 0000 0000
0000 0000 0000 0000 0000 0000 0000 0000
0000 0000 0000 0000 0000 0000 0000 0000
0000 0000 0000 0000 0000 0000 0000 0000
0000 0000 0000 0000 0000 0000 0000 0000
0000 0000 0000 0000 0000 0000 0000 0000
0000 0000 0000 0000 0000 0000 0000 0000
0000 0000 0000 0000 0000 0000 0000 0000
0000 0000 0000 0000 0000 0000 0000 0000
0000 0000 0000 0000 0000 0000 0000 0000
0000 0000 0000 0000 0000 0000 0000 0000
0000 0000 0000 0000 0000 0000 0000 0000
0000 0000 0000 0000 0000 0000 0000 0000
0000 0000 0000 0000 0000 0000 0000 0000
0000 0000 0000 0000 0000 0000 0000 0000
0000 0000 0000 0000 0000 0000 0000 0000
0000 0000 0000 0000 0000 0000 0000 0000
0000 0000 0000 0000 0000 0000 0000 0000
0000 0000 0000 0000 0000 0000 0000 0000
0000 0000 0000 0000 0000 0000 0000 0000
0000 0000 0000 0000 0000 0000 0000 0000
0000 0000 0000 0000 0000 0000 0000 0000
0000 0000 0000 0000 0000 0000 0000 0000
0000 0000 0000 0000 0000 0000 0000 0000
0000 0000 0000 0000 0000 0000 0000 0000
0000 0000 0000 0000 0000 0000 0000 0000
0000 0000 0000 0000 0000 0000 0000 0000
0000 0000 0000 0000 0000 0000 0000 0000
0000 0000 0000 0000 0000 0000 0000 0000
0000 0000 0000 0000 0000 0000 0000 0000
0000 0000 0000 0000 0000 0000 0000 0000
0000 0000 0000 0000 0000 0000 0000 0000
0000 0000 0000 0000 0000 0000 0000 0000
0000 0000 0000 0000 0000 0000 0000 0000
0000 0000 0000 0000 0000 0000 0000 0000
0000 0000 0000 0000 0000 0000 0000 0000
0000 0000 0000 0000 0000 0000 0000 0000
0000 0000 0000 0000 0000 0000 0000 0000
0000 0000 0000 0000 0000 0000 0000 0000
0000 0000 0000 0000 0000 0000 0000 0000
0000 0000 0000 0000 0000 0000 0000 0000
0000 0000 0000 0000 0000 0000 0000 0000
0000 0000 0000 0000 0000 0000 0000 0000
0000 0000 0000 0000 0000 0000 0000 0000
0000 0000 0000 0000 0000 0000 0000 0000
0000 0000 0000 0000 0000 0000 0000 0000
0000 0000 0000 0000 0000 0000 0000 0000
0000 0000 0000 0000 0000 0000 0000 0000
0000 0000 0000 0000 0000 0000 0000 0000
0000 0000 0000 0000 0000 0000 0000 0000
0000 0000 0000 0000 0000 0000 0000 0000
0000 0000 0000 0000 0000 0000 0000 0000
0000 0000 0000 0000 0000 0000 0000 0000
0000 0000 0000 0000 0000 0000 0000 0000
0000 0000 0000 0000 0000 0000 0000 0000
0000 0000 0000 0000 0000 0000 0000 0000
0000 0000 0000 0000 0000 0000 0000 0000
0000 0000 0000 0000 0000 0000 0000 0000
0000 0000 0000 0000 0000 0000 0000 0000
0000 0000 0000 0000 0000 0000 0000 0000
0000 0000 0000 0000 0000 0000 0000 0000
0000 0000 0000 0000 0000 0000 0000 0000
0000 0000 0000 0000 0000 0000 0000 0000
0000 0000 0000 0000 0000 0000 0000 0000
0000 0000 0000 0000 0000 0000 0000 0000
0000 0000 0000 0000 0000 0000 0000 0000
0000 0000 0000 0000 0000 0000 0000 0000
0000 0000 0000 0000 0000 0000 0000 0000
0000 0000 0000 0000 0000 0000 0000 0000
0000 0000 0000 0000 0000 0000 0000 0000
0000 0000 0000 0000 0000 0000 0000 0000
0000 0000 0000 0000 0000 0000 0000 0000
0000 0000 0000 0000 0000 0000 0000 0000
0000 0000 0000 0000 0000 0000 0000 0000
0000 0000 0000 0000 0000 0000 0000 0000
0000 0000 0000 0000 0000 0000 0000 0000
0000 0000 0000 0000 0000 0000 0000 0000
0000 0000 0000 0000 0000 0000 0000 0000
0000 0000 0000 0000 0000 0000 0000 0000
0000 0000 0000 0000 0000 0000 0000 0000
0000 0000 0000 0000 0000 0000 0000 0000
0000 0000 0000 0000 0000 0000 0000 0000
0000 0000 0000 0000 0000 0000 0000 0000
0000 0000 0000 0000 0000 0000 0000 0000
0000 0000 0000 0000 0000 0000 0000 0000
0000 0000 0000 0000 0000 0000 0000 0000
0000 0000 0000 0000 0000 0000 0000 0000
0000 0000 0000 0000 0000 0000 0000 0000
0000 0000 0000 0000 0000 0000 0000 0000
0000 0000 0000 0000 0000 0000 0000 0000
0000 0000 0000 0000 0000 0000 0000 0000
0000 0000 0000 0000 0000 0000 0000 0000
0000 0000 0000 0000 0000 0000 0000 0000
0000 0000 0000 0000 0000 0000 0000 0000
0000 0000 0000 0000 0000 0000 0000 0000
0000 0000 0000 0000 0000 0000 0000 0000
0000 0000 0000 0000 0000 0000 0000 0000
0000 0000 0000 0000 0000 0000 0000 0000
0000 0000 0000 0000 0000 0000 0000 0000
0000 0000 0000 0000 0000 0000 0000 0001
0000 003c 0000 0004 0000 0001 3230 3133
3a31 313a 3234 2031 353a 3236 3a35 3000
3230 3133 3a31 313a 3234 2031 353a 3236
3a35 3000 0006 0000 0001 0000 0004 0000
0001 0000 0000 0000 0000 0001 0000 0049
0000 0001 2700 0100 0300 3100 0000 1405
0000 0200 0300 0400 0000 7605 0000 0300
0300 0400 0000 7e05 0000 0400 0300 2200
0000 8605 0000 0600 0200 0d00 0000 ca05
0000 0700 0200 1800 0000 ea05 0000 0900
0200 2000 0000 0206 0000 0c00 0400 0100
0000 78a2 e493 0d00 0700 0006 0000 2206
0000 1000 0400 0100 0000 5002 0080 1300
0300 0400 0000 220c 0000 1500 0400 0100
0000 0000 00a0 1900 0300 0100 0000 0100
0000 2600 0300 5b00 0000 2a0c 0000 8300
0400 0100 0000 0000 0000 9300 0300 1a00
0000 e00e 0000 9500 0200 4600 0000 140f
0000 9600 0200 1000 0000 5a0f 0000 9700
0700 0004 0000 6a0f 0000 9800 0300 0400
0000 6a13 0000 9900 0400 7c00 0000 7213
0000 9a00 0400 0500 0000 6215 0000 a000
0300 0e00 0000 7615 0000 aa00 0300 0600
0000 9215 0000 b400 0300 0100 0000 0100
0000 d000 0400 0100 0000 0000 0000 e000
0300 1100 0000 9e15 0000 0140 0300 3905
0000 c015 0000 0840 0300 0300 0000 3220
0000 0940 0300 0300 0000 3820 0000 1040
0200 2000 0000 3e20 0000 1140 0700 fc00
0000 5e20 0000 1240 0200 2000 0000 5a21
0000 1340 0400 0500 0000 7a21 0000 1540
0700 7400 0000 8e21 0000 1640 0400 0600
0000 0222 0000 1740 0400 0200 0000 1a22
0000 1840 0400 0300 0000 2222 0000 1940
0700 1e00 0000 2e22 0000 0000 0000 6200
0200 0000 0300 1000 0000 0000 0200 0000
0100 0000 0000 0000 0000 0000 ff7f 0f00
0300 0200 0000 0000 ffff ed00 6900 1800
0100 8000 2001 9200 0840 0000 0000 ffff
ffff ffff 0000 0000 0000 0000 ffff ffff
0000 0000 ff7f ffff ffff ffff 0000 ffff
0000 4900 9b2d ea4c 1000 7500 0000 0000
4400 0000 e000 0000 8000 c000 0000 0000
0300 0000 0800 0800 a300 ffff 0000 0000
0000 0000 0100 0000 0000 8000 c000 5900
0000 0000 f800 ffff ffff ffff ffff 0000
0000 0000 4361 6e6f 6e20 454f 5320 3744
0000 0000 0000 0000 0000 0000 0000 0000
0000 0000 4669 726d 7761 7265 2056 6572
7369 6f6e 2031 2e32 2e35 0000 0000 0000
0000 0000 0000 0000 0000 0000 0000 0000
0000 0000 0000 0000 0000 0000 aaaa 6828
6828 5800 5958 0003 0000 0000 0000 0192
0200 0008 00a3 3a65 696e 0049 680a 0000
0000 0000 0000 01bb bb01 0100 0000 0002
0102 b4bd 1b04 837e 0000 0000 0002 1075
0070 0900 0000 020c a000 ffbd 02fd 9600
020c 0182 0ccc cc09 0000 0003 0000 0000
0000 0000 0000 0000 0000 0000 ff01 0000
004a 0000 0000 0050 1400 0000 0000 0000
0000 0001 0000 0001 0000 0001 0000 0003
0000 0003 0000 0003 0000 0001 0000 0000
0000 0000 0000 0001 0000 0081 0000 0001
0000 0000 0000 0001 0000 0008 0000 0000
0000 0004 0000 000e 0000 0000 0000 0000
0000 0000 0006 0500 0000 0003 0607 ff05
0000 0000 1601 0000 0000 0000 0000 0000
0000 0000 0000 0000 0000 0601 dede dede
fbee ff00 0000 0000 0000 0001 2850 00ed
0018 0069 9177 3a00 0000 0001 0000 0000
0000 0000 0000 0000 0000 0000 0000 0000
0000 0000 0000 0001 0000 0040 1400 0080
0d00 001d 0900 0068 0500 0006 0200 00b0
0200 00d0 0200 00e0 0100 0000 0000 0000
0000 00d0 0200 00a8 0100 0001 0000 0002
0000 0002 0000 0003 0000 0004 0000 0005
0000 0001 0000 0000 0000 0000 0000 0001
0000 0000 0000 0000 0000 0000 0000 0000
0200 0000 0100 0101 312e 322e 3500 3744
2e37 432e 3443 0000 0000 0000 0000 0000
0000 0000 0000 0000 0000 0000 0000 0000
0000 0000 0000 0000 0000 0064 0000 0064
0000 0064 0000 003d 1f00 0000 0000 0000
0000 0065 0000 0064 0000 0064 0000 0008
0000 0008 0000 0008 0000 0008 0000 0001
0000 0000 0000 0000 0000 0000 0000 0000
0000 0000 0000 0000 0000 0000 0000 0000
0000 00ef 0100 0400 04c3 0200 0000 0000
0000 0000 0000 0000 0000 0000 0000 0000
0000 0000 0000 0000 0000 0000 0000 0000
0000 0000 0000 00ef 0100 0400 04c3 0200
0000 0000 0000 0000 0000 0000 0000 0000
0000 0000 0000 0000 0000 0000 0000 0000
0000 0000 0000 0000 0000 00ef 0100 0400
04c3 0200 0000 0000 0000 0000 0000 0000
0000 0000 0000 0000 0000 0000 0000 0000
0000 0000 0000 0000 0000 0000 0000 00ef
0100 0400 04c3 0200 0000 0000 0000 0000
0000 0000 0000 0000 0000 0000 0000 0000
0000 0000 0000 0000 0000 0000 0000 0000
0000 00ef 0100 0400 04c3 0200 0000 0000
0000 0000 0000 0000 0000 0001 0000 0001
0000 0000 0000 0003 0000 0000 0000 0000
0000 0000 0000 0000 0000 0000 0000 0002
0000 0000 0000 0000 0000 0000 0000 0000
0000 0000 0000 0004 0000 0000 0000 0000
0000 0000 0000 0000 0000 0000 0000 0000
0000 0000 0000 0000 0000 0000 0000 0000
0000 0000 0000 0000 0000 0000 0000 0000
0000 0000 0000 0000 0000 0000 0000 0003
0000 0000 0000 0000 0000 0000 0000 0000
0000 0000 0000 0003 0000 0000 0000 0000
0000 0000 0000 0000 0000 0000 0000 0003
0000 0000 0000 0000 0000 0000 0000 0000
0000 0000 0000 0003 0000 0000 0000 0000
0000 0000 0000 0000 0000 0081 0081 0081
0000 00ff ffff ffff ffff ff00 0000 0000
0000 0000 0000 0000 0000 0000 0000 0000
0000 0000 0000 0000 0000 0000 0400 0400
0400 0400 0000 0000 0000 0000 0000 0000
0000 0000 0000 0000 0000 0000 0000 0000
0000 0000 0400 0400 0400 0400 0000 0000
0000 0000 0000 0000 0000 0000 0000 0000
0000 0000 0000 0000 0000 0000 0400 0400
0400 0400 0000 0000 0000 0000 0000 0000
0000 0000 0000 0000 0000 0000 0000 0000
0000 0000 0400 0400 0400 0400 0000 0000
0000 0000 0000 0000 0000 0000 0000 0000
0000 0000 0000 0000 0000 0000 0400 0400
0400 0400 0000 0000 0000 00ba 1a92 5294
0200 0004 0000 0004 0000 0000 0000 0000
0000 0004 0000 0000 0000 0000 0000 1000
0000 0000 0000 00f6 2a00 002c be00 0000
0000 0000 0000 0000 0000 0000 0000 0000
0000 0000 0000 0000 0000 0000 0000 0000
0000 0000 0000 0000 0000 0000 0000 0000
0000 0000 0000 0000 0000 0000 0000 0000
0000 0000 0000 0000 0000 0000 0000 0000
0000 0000 0000 0000 0000 0000 0000 0000
0000 0000 0000 0000 0000 0000 0000 0000
0000 0000 0000 0000 0000 0000 0000 0000
0000 0000 0000 0000 0000 0000 0000 0000
0000 0000 0000 0000 0000 0000 0000 0000
0000 0000 0000 0000 0000 0000 0000 0000
0000 0000 0000 0000 0000 0000 0000 0000
0000 0000 0000 0000 0000 0000 0000 0000
0000 0000 0000 0000 0000 0000 0000 0000
0000 0000 0000 0000 0000 0000 0000 9f00
0700 7000 b600 0400 1300 1300 4014 800d
4014 800d de00 de00 de00 de00 de00 de00
de00 de00 de00 de00 de00 de00 de00 de00
de00 de00 de00 de00 de00 0a01 0a01 0a01
0a01 0a01 0a01 0a01 0a01 0a01 0a01 0a01
0a01 0a01 0a01 0a01 0a01 0a01 0a01 0a01
a3fa 8ffc 8ffc 8ffc 77fe 77fe 77fe 0000
0000 0000 0000 0000 8901 8901 8901 7103
7103 7103 5d05 0000 8901 0000 77fe 8901
0000 77fe e702 8901 0000 77fe 19fd 8901
0000 77fe 8901 0000 77fe 0000 00a5 0100
ffff 0700 0000 0000 ffff 0000 0000 0000
0000 0000 0000 0000 0000 0000 0000 0000
0000 0000 0000 0000 0000 0000 0000 0000
0000 0000 0000 0000 0000 0000 0000 0000
0000 0000 0000 0000 0000 0000 0000 0000
0000 0000 0000 0000 0000 0000 0000 0000
0000 0000 0000 0000 0000 0000 0000 0000
0000 0000 0000 0000 0000 0000 0000 0000
0000 0000 0000 0000 0000 0000 0000 0000
0000 0000 0000 0000 0000 0000 0000 0000
0000 0000 0000 0000 0000 0000 0000 0000
0000 0000 0000 0000 0000 0000 0000 0000
0000 0000 0000 0000 0000 0000 0000 0000
0000 0000 0000 0000 0000 0000 0000 0000
0000 0000 0000 0000 0000 0000 0000 0000
0000 0000 0000 0000 0000 0000 0000 0000
0000 0000 0000 0000 0000 0000 0000 0000
0000 0000 0000 0000 0000 0000 0000 0000
0000 0000 0000 0000 0000 0000 0000 0000
0000 0000 0000 0000 0000 0000 0000 0000
0000 0000 0000 0000 0000 0000 0000 0000
0000 0000 0000 0000 0000 0000 0000 0000
0000 0000 0000 0000 0000 0000 0000 0000
0000 0000 0000 0000 0000 0000 0000 0000
0000 0000 0000 0000 0000 0000 0000 0000
0000 0000 0000 0000 0000 0000 0000 0000
0000 0000 0000 0000 0000 0000 0000 0000
0000 0000 0000 0000 0000 0000 0000 0000
0000 0000 0000 0000 0000 0000 0000 0000
0000 0000 0000 0000 0000 0000 0000 0000
0000 0000 0000 0000 0000 0000 0000 0000
0000 0000 0000 0000 0000 0000 0000 0000
0000 0000 0000 0000 0000 3400 0000 0000
0000 0000 0000 0000 0000 0000 0000 0000
0000 0000 0000 ffff ffff 6500 0000 0000
0000 0c02 8201 0000 1700 0000 0000 4546
3234 2d31 3035 6d6d 2066 2f34 4c20 4953
2055 534d 0000 0000 0000 0000 0000 0000
0000 0000 0000 0000 0000 0000 0000 0000
0000 0000 0000 0000 0000 0000 0000 0000
0000 0000 5331 3038 3731 3139 4100 0000
0000 0000 0000 0000 0000 0000 0000 0000
0000 0000 0000 0000 0000 0000 0000 0000
0000 0000 0000 0000 0000 0000 0000 0000
0000 0000 0000 0000 0000 0000 0000 0000
0000 0000 0000 0000 0000 0000 0000 0000
0000 0000 0000 0000 0000 0000 0000 0000
0000 0000 0000 0000 0000 0000 0000 0000
0000 0000 0000 0000 0000 0000 0000 0000
0000 0000 0000 0000 0000 0000 0000 0000
0000 0000 0000 0000 0000 0000 0000 0000
0000 0000 0000 0000 0000 0000 0000 0000
0000 0000 0000 0000 0000 0000 0000 0000
0000 0000 0000 0000 0000 0000 0000 0000
0000 0000 0000 0000 0000 0000 0000 0000
0000 0000 0000 0000 0000 0000 0000 0000
0000 0000 0000 0000 0000 0000 0000 0000
0000 0000 0000 0000 0000 0000 0000 0000
0000 0000 0000 0000 0000 0000 0000 0000
0000 0000 0000 0000 0000 0000 0000 0000
0000 0000 0000 0000 0000 0000 0000 0000
0000 0000 0000 0000 0000 0000 0000 0000
0000 0000 0000 0000 0000 0000 0000 0000
0000 0000 0000 0000 0000 0000 0000 0000
0000 0000 0000 0000 0000 0000 0000 0000
0000 0000 0000 0000 0000 0000 0000 0000
0000 0000 0000 0000 0000 0000 0000 0000
0000 0000 0000 0000 0000 0000 0000 0000
0000 0000 0000 0000 0000 0000 0000 0000
0000 0000 0000 0000 0000 0000 0000 0000
0000 0000 0000 0000 0000 0000 0000 0000
0000 0000 0000 0000 0000 0000 0000 0000
0000 0000 0000 0000 0000 0000 0000 0000
0000 0000 0000 0000 0000 0000 0000 0000
0000 0000 0000 0000 0000 0000 0000 0000
0000 0000 0000 0000 0000 0000 0000 0000
0000 0000 0000 0000 0000 0000 0000 0000
0000 0000 0000 0000 0000 0000 0000 0000
0000 0000 0000 0000 0000 0000 0000 0000
0000 0000 0000 0000 0000 0000 0000 0000
0000 0000 0000 0000 0000 0000 0000 0000
0000 0000 0000 0000 0000 0000 0000 0000
0000 0000 0000 0000 0000 0000 0000 0000
0000 0000 0000 0000 0000 0000 0000 0000
0000 0000 0000 0000 0000 0000 0000 0000
0000 0000 0000 0000 0000 0000 0000 0000
0000 0000 0000 0000 0000 0000 0000 0000
0000 0000 0000 0000 0000 0000 0000 0000
0000 0000 0000 0000 0000 0000 0000 0000
0000 0000 0000 0000 0000 0000 0000 0000
0000 0000 0000 0000 0000 0000 0000 0000
0000 0000 0000 0000 0000 0000 0000 0000
0000 0000 0000 0000 0000 0000 0000 0000
0000 0000 0000 0000 0000 0000 0000 0000
0000 0000 0000 0000 0000 0000 0000 0000
0000 0000 0000 0000 0000 0000 0000 0000
0000 0000 0000 0000 0000 0000 0000 0000
0000 0000 0000 0000 0000 0000 0000 0000
0000 0000 0000 0000 0000 0000 0000 0000
0000 0000 0000 0000 0000 0000 0000 0000
0000 0000 0000 0000 0000 0000 0000 0000
0000 0000 0000 0000 0000 0000 0000 0000
0000 0000 0000 0000 0000 0000 0000 0000
0000 0000 0000 0000 0000 0000 0000 0000
0000 0000 0000 0000 0000 0000 0000 0000
0000 0000 0000 0000 0000 0000 f001 0000
0400 0000 0100 0000 5c00 0000 0700 0000
0101 0000 0100 0000 0000 0000 0201 0000
0100 0000 0000 0000 0301 0000 0100 0000
0000 0000 0401 0000 0100 0000 0000 0000
0501 0000 0100 0000 0000 0000 0801 0000
0100 0000 0000 0000 0f01 0000 0100 0000
0000 0000 0200 0000 2c00 0000 0300 0000
0102 0000 0100 0000 0000 0000 0202 0000
0100 0000 0000 0000 0302 0000 0100 0000
0000 0000 0300 0000 b800 0000 0d00 0000
0205 0000 0100 0000 0000 0000 0405 0000
0100 0000 0000 0000 0305 0000 0100 0000
0000 0000 0505 0000 0100 0000 0000 0000
0705 0000 0500 0000 0000 0000 0000 0000
0000 0000 0000 0000 0000 0000 1205 0000
0200 0000 0000 0000 0700 0000 1305 0000
0100 0000 0000 0000 1005 0000 0100 0000
0000 0000 1405 0000 0100 0000 0000 0000
1505 0000 0100 0000 0000 0000 0e05 0000
0100 0000 0000 0000 1605 0000 0100 0000
0000 0000 0f06 0000 0100 0000 0000 0000
0400 0000 9800 0000 0400 0000 0c07 0000
1900 0000 0000 0000 0000 0000 0000 0000
0000 0000 0000 0000 0000 0000 0000 0000
0000 0000 0000 0000 0000 0000 0000 0000
0000 0000 0000 0000 0000 0000 0000 0000
0000 0000 0000 0000 0000 0000 0000 0000
0000 0000 0000 0000 de00 0000 de00 0000
de00 0000 de00 0000 0607 0000 0100 0000
0000 0000 0f08 0000 0100 0000 0000 0000
0e08 0000 0100 0000 0000 0000 0000 0000
4014 0000 800d 0000 0000 0000 0000 0000
1c00 0000 0300 0000 0000 0000 0000 0000
ffff 5014 8100 0000 0000 0000 0c00 d101
0004 0004 1b03 0100 2200 f014 bc0d 0100
0100 a800 3800 e714 b70d 0000 0000 0000
0000 0000 0000 0000 0000 0700 2e03 0004
0004 8a01 3002 0004 0004 1c02 8b01 0004
0004 f302 eb03 fb04 0405 d401 c602 4005
4105 a802 e301 2e05 2b05 b203 ffff 0100
f700 f500 f900 0000 4c07 580f 560f 1009
a203 4801 4301 3600 7e00 1803 1903 7005
2d07 9d0c a70c bb02 6b07 0f10 2510 7309
fb03 5601 5a01 3700 8900 1003 0603 7705
8907 510d 730d d102 7b09 0004 0004 7105
3418 7b09 0004 0004 7105 3418 7709 0004
fe03 6e05 3418 0000 0000 0000 0000 0000
9608 0004 0004 fd05 5014 f709 0004 0004
1505 581b 3f09 0004 0004 8105 7017 0606
0004 0004 f608 800c 9d07 0004 0004 6508
b90e 9608 0004 0004 fd05 4514 fe09 0004
0004 2705 ec1a 9608 0004 0004 fd05 4514
9608 0004 0004 fd05 4514 9608 0004 0004
fd05 4514 9608 0004 0004 fd05 4514 9608
0004 0004 fd05 4514 f003 0004 0004 1804
250f f003 0004 0004 1804 250f f003 0004
0004 1804 250f f003 0004 0004 1804 250f
f003 0004 0004 1804 250f 98fe 6801 b203
942a b2fe 7201 9103 1027 dbfe 8401 5903
6c20 08ff 9b01 2603 581b 40ff bb01 e802
7017 5bff ca01 cc02 e015 7bff dd01 ac02
5014 abff f701 7a02 5c12 e5ff 1c02 4502
6810 1e00 4802 1902 d80e 5100 7202 f401
ac0d 8e00 a802 c901 800c c100 d402 a601
b80b ee00 0603 8f01 f00a 5e01 8e03 5801
6009 f401 1008 2008 0008 0008 0008 0008
0e00 0000 0e00 2b00 0000 2800 0000 4c00
2f00 2900 2900 2c00 2a00 2900 1d00 3a00
1100 1800 2000 1d00 2300 2700 2800 2900
2500 2400 2600 2800 2900 2500 1f00 2300
0000 1600 2600 2600 2d00 3100 3300 2a00
2100 1b00 1b00 1d00 1c00 1e00 1e00 1e00
1b00 1c00 2200 4000 4f00 3800 2f00 2800
2100 1d00 1c00 1900 1b00 1900 1f00 1e00
2000 0000 2100 4d00 0000 4600 0000 8800
4e00 4000 3e00 4000 3b00 3900 2600 3d00
2a00 3500 4900 3e00 4800 4e00 4e00 4e00
4400 3d00 3c00 3e00 3c00 3600 2a00 2900
0000 3300 5900 5200 5e00 6500 6800 5300
3f00 3200 2e00 2e00 2d00 2e00 2900 2300
3e00 3f00 4c00 8b00 ab00 7600 6000 5100
4000 3800 3200 2b00 2d00 2800 2a00 2500
2000 0000 1f00 5100 0000 4800 0000 8700
4e00 4100 3f00 4100 3c00 3900 2600 3e00
2b00 3900 4a00 3e00 4800 4e00 4e00 4e00
4300 3d00 3d00 3e00 3c00 3600 2a00 2900
0000 3600 5b00 5200 5f00 6500 6700 5200
3e00 3100 2e00 2e00 2c00 2d00 2900 2400
4800 4800 5400 8d00 ac00 7600 6000 5100
4000 3700 3200 2b00 2d00 2800 2a00 2500
1e00 0000 1d00 3800 0000 3200 0000 5c00
3200 2700 2400 2300 2000 1d00 1200 1a00
2500 2c00 3d00 2c00 3000 3300 3200 3100
2800 2300 2100 2000 1e00 1a00 1200 0f00
0000 2a00 4800 3800 3e00 4100 4200 3300
2400 1b00 1800 1700 1500 1500 1000 0c00
3100 3100 3900 5c00 6e00 4b00 3b00 3000
2400 1e00 1900 1400 1400 1200 1000 0c00
0000 0000 0000 0000 0000 0000 0000 0000
0000 0000 0000 0000 0000 0000 0000 0000
0000 0000 0000 0000 0000 0000 0000 0000
0000 0000 0000 0000 0000 0000 0000 0000
0000 0000 0000 0000 0000 0000 0000 0000
0000 0000 0000 0000 0000 0000 0000 0000
0000 0000 0000 0000 0000 0000 0000 0000
0000 0000 0000 0000 0000 0000 0000 0000
0100 0000 0200 0200 0000 0100 0000 0100
0e00 1700 9600 1101 ea00 f000 c106 0200
0200 0100 0c00 4600 2400 4300 6c00 6600
ad01 9d01 1605 1e07 9904 4004 1e14 e400
0000 0200 0100 ba00 fb00 5401 3101 6f00
8701 e800 ac01 9901 3b01 7d00 640b 0801
0600 0d00 1e00 b20b a30c 5d06 eb03 c901
b007 0d04 f404 e207 fa02 7903 6434 930d
b400 bd00 041b 7e03 0200 0004 0004 0004
880a 410f 281a c010 6d00 1300 e80f 490f
97ff eeff 1910 0000 f800 0000 cf4c 0000
c6b0 0000 b8ae 0000 4f84 0004 0004 0000
0004 0000 0000 0000 0000 0000 ff1f 0001
ff1f 0001 0000 0000 0002 b602 de01 ef01
c302 9a01 6603 0000 0000 0000 0000 0000
2000 4000 8000 e000 0001 0001 0000 2500
4c00 8c00 e200 0001 0001 0100 0000 4300
0000 0000 1000 2000 4000 6000 8000 c000
0000 0000 0000 0000 9fff b8ff d4ff 3304
3304 3304 3304 9004 7004 3a04 8804 0100
ff07 ff07 0008 0008 0000 f63a 1027 0010
0000 0000 4c02 8602 400d 800d f601 3002
400d 800d 2202 5c02 400d 800d ac05 e605
1812 5812 5605 9005 1812 5812 8205 bc05
1812 5812 0000 0000 0000 0000 0000 0000
0000 0000 0000 0000 0000 0000 0000 0000
0000 0000 0000 0000 0000 0000 0000 0000
0000 0000 0000 0000 0000 0000 0000 0000
0000 0000 0000 0000 0000 0000 0000 0000
0000 0000 0000 0000 0000 0000 0000 0000
0000 0000 0000 0000 0000 0000 0000 0000
0000 0000 0000 0000 0000 0000 0000 0000
0000 0000 0000 0000 0000 0000 0000 0000
0000 0000 0000 0000 0000 0000 0000 0000
0000 0000 0000 0000 0000 0000 0000 0000
0000 0000 0000 0000 0000 0000 0000 0000
0000 0000 0000 0000 0000 0000 0000 0000
0000 0000 0000 0000 0000 0000 0000 0000
0000 0000 0000 0000 0000 0000 0000 0000
0000 0000 0000 0000 0000 0000 0000 0000
0000 0000 0000 0000 0000 0000 0000 0000
0000 0000 0000 0000 0000 0000 0000 0000
0000 0000 0000 0000 0000 0000 0000 0000
0000 0000 0000 0000 0000 0000 0000 0000
0000 0000 0000 0000 0000 0000 0000 0000
0000 0000 0000 0000 0000 0000 0000 0000
0000 0000 0000 0000 0000 0000 0000 0000
0000 0000 0000 0000 0000 0000 0000 0000
0000 0000 0000 0000 0000 0000 0000 0000
0000 0000 0000 0000 0000 0000 0000 0000
0000 0000 0000 0000 0000 0000 0000 0000
0000 0000 0000 0000 0000 0000 0000 0000
0000 0000 0000 0000 0000 0000 0000 0000
0000 0000 0000 0000 0000 0000 0000 0000
0000 0000 0000 0000 0000 0000 0000 0000
0000 0000 0000 0000 0000 0000 0000 0000
0000 0000 0000 0000 0000 0000 0000 0000
0000 0000 0000 0000 0000 0000 0000 0000
0000 0000 0000 0000 0000 0000 0000 0000
0000 0000 0000 0000 0000 0000 0000 0000
0000 0000 0000 0000 0000 0000 0000 0000
0000 0000 0000 0000 0000 0000 0000 0000
0000 0000 0000 0000 0000 0000 0000 0000
0000 0000 0000 0000 0000 0000 0000 0000
0000 0000 0000 0000 0000 0000 0000 0000
0000 0000 0000 0000 0000 0000 0000 0000
0000 0000 0000 0000 0000 0000 0000 0000
0000 0000 0000 0000 0000 0000 0000 0000
0000 0000 0000 0000 0000 0000 0000 0000
0000 0000 0000 0000 0000 0000 0000 0000
0000 0000 0000 0000 0000 0000 0000 0000
0000 0000 0000 0000 0000 0000 0000 0000
0000 0000 0000 0000 0000 0000 0000 0000
0000 0000 0000 0000 0000 0000 6900 7900
6f00 7c00 7c00 8100 0000 0000 0000 0000
0000 0000 0000 0000 0000 0000 0000 0000
0000 0000 0000 0000 0000 0000 0000 0000
0000 0000 0000 0000 0000 0000 0000 0000
0000 0000 0000 0000 0000 0000 0000 0000
0000 0000 0000 0000 0000 0000 0000 0000
0000 0000 0000 0000 0000 0000 0000 0000
0000 0000 0000 0000 0000 0000 0000 0000
0000 0000 0000 0000 0000 0000 0000 0000
0000 0000 0000 0000 0000 0000 0000 0000
0000 0000 0000 0000 0000 0000 0000 0000
0000 0000 0000 0000 0000 0000 0000 0000
0000 0000 0000 0000 0000 0000 0000 ff77
0000 2000 4000 8000 e000 0001 0001 0000
2500 4c00 8c00 e200 0001 0001 0000 0000
0000 0000 0000 0000 0000 0000 0000 0000
0000 0000 0000 0000 0000 0000 0000 0000
0000 0000 0000 0000 0000 0000 0000 0000
0000 0000 0000 0000 0000 0000 0000 0000
0000 0000 0000 0000 0000 0000 0000 0000
0000 0000 0000 0000 0000 0000 0000 0000
0000 0000 0000 0000 0000 0000 0000 0000
0000 0000 0000 0000 0000 0000 0000 0000
0000 0000 0000 0000 0000 0000 8100 8100
8100 0000 0000 0000 0000 0000 0000 0000
0000 0000 0000 0000 0000 0000 0000 0000
0000 0000 0000 0000 0000 0000 0000 0000
0000 0000 0000 0000 0000 0000 0000 0000
0000 0000 0000 0000 0000 0000 0000 0000
0000 0000 0000 0000 0000 0000 0000 0000
0000 0000 0000 0000 0000 0000 0000 0000
0000 0000 0000 0000 0000 0000 0000 0000
0000 0000 0000 0000 0000 0000 0000 0000
0000 0000 0000 0000 0000 0000 0000 0000
0000 0000 0000 0000 0000 0000 0000 0000
0000 0000 0000 0000 0000 0000 0000 0000
0000 0000 0000 0000 0000 0000 0000 0000
0000 0000 0000 0000 0000 0000 0000 0000
0000 0000 0000 0000 0000 0000 0000 0000
0000 0000 0000 0000 0000 0000 0000 0000
0000 0000 0000 0000 0000 0000 0000 0000
0000 0000 0000 0000 0000 0000 0000 0000
0000 0000 0000 0000 0000 0000 0000 0000
0000 0000 0000 0000 0000 0000 0000 0000
0000 0000 1400 0000 0000 0000 0000 0000
0a00 0000 0000 0000 0010 7400 0100 0000
0000 0000 2000 0000 0000 0000 cc10 4014
800d ff1f 8d1e 941a 7415 c912 270d 0000
7004 df08 920c 0c0e ff0f 0000 0000 0000
0000 0000 0000 0000 0000 0000 0000 0000
0000 0000 0000 0000 0000 0000 0000 0000
0000 0000 0000 0000 0000 0000 0000 0000
0000 0000 0000 0000 0000 0000 1800 0000
0000 0000 0100 0000 0000 0000 0100 0000
0100 0000 0601 0500 0000 7c7d 0c00 0000
0000 0000 0000 0000 0000 30b3 e800 0000
0000 0000 0000 0000 0000 0000 0000 0000
0000 0000 0000 4949 2a00 3a03 0000 0000
0000 0000 0000 0000 0000 0000 0000 0000
0000 0000 0000 0000 0000 0000 0000 0000
0000 0000 0000 0000 0000 0000 0000 0000
0000 0000 0000 0000 0000 0000 0000 0000
0000 0000 0000 0000 0000 0000 0000 0000
0000 0000 0000 0000 0000 0000 0000 0000
0000 0000 0000 0000 0000 0000 0000 0000
0000 0000 0000 0000 0000 0000 0000 0000
0000 0000 0000 0000 0000 0000 0000 0000
0000 0000 0000 0000 0000 0000 0000 0000
0000 0000 0000 0000 0000 0000 0000 0000
0000 0000 0000 0000 0000 0000 0000 0000
0000 0000 0000 0000 0000 0000 0000 0000
0000 0000 0000 0000 0000 0000 0000 0000
0000 0000 0000 0000 0000 0000 0000 0000
0000 0000 0000 0000 0000 0000 0000 0000
0000 0000 0000 0001 0002 0007 0000 0004
3031 3030 0000 0000 0000 004f 1a00 0000
038b 0034 bc00 0000 0253 0001 0000 0007
0000 0004 0202 0000 0000 0000 0000 ffe1
0bf0 6874 7470 3a2f 2f6e 732e 6164 6f62
652e 636f 6d2f 7861 702f 312e 302f 003c
3f78 7061 636b 6574 2062 6567 696e 3d27
efbb bf27 2069 643d 2757 354d 304d 7043
6568 6948 7a72 6553 7a4e 5463 7a6b 6339
6427 3f3e 0d0a 3c78 3a78 6d70 6d65 7461
2078 6d6c 6e73 3a78 3d22 6164 6f62 653a
6e73 3a6d 6574 612f 223e 3c72 6466 3a52
4446 2078 6d6c 6e73 3a72 6466 3d22 6874
7470 3a2f 2f77 7777 2e77 332e 6f72 672f
3139 3939 2f30 322f 3232 2d72 6466 2d73
796e 7461 782d 6e73 2322 3e3c 7264 663a
4465 7363 7269 7074 696f 6e20 7264 663a
6162 6f75 743d 2275 7569 643a 6661 6635
6264 6435 2d62 6133 642d 3131 6461 2d61
6433 312d 6433 3364 3735 3138 3266 3162
2220 786d 6c6e 733a 6463 3d22 6874 7470
3a2f 2f70 7572 6c2e 6f72 672f 6463 2f65
6c65 6d65 6e74 732f 312e 312f 222f 3e3c
7264 663a 4465 7363 7269 7074 696f 6e20
7264 663a 6162 6f75 743d 2275 7569 643a
6661 6635 6264 6435 2d62 6133 642d 3131
6461 2d61 6433 312d 6433 3364 3735 3138
3266 3162 2220 786d 6c6e 733a 786d 703d
2268 7474 703a 2f2f 6e73 2e61 646f 6265
2e63 6f6d 2f78 6170 2f31 2e30 2f22 3e3c
786d 703a 4372 6561 7465 4461 7465 3e32
3031 332d 3131 2d32 3454 3135 3a32 363a
3530 2e36 3630 3c2f 786d 703a 4372 6561
7465 4461 7465 3e3c 786d 703a 4372 6561
746f 7254 6f6f 6c3e 4d69 6372 6f73 6f66
7420 5769 6e64 6f77 7320 5068 6f74 6f20
5669 6577 6572 2036 2e31 2e37 3630 302e
3136 3338 353c 2f78 6d70 3a43 7265 6174
6f72 546f 6f6c 3e3c 2f72 6466 3a44 6573
6372 6970 7469 6f6e 3e3c 7264 663a 4465
7363 7269 7074 696f 6e20 7264 663a 6162
6f75 743d 2275 7569 643a 6661 6635 6264
6435 2d62 6133 642d 3131 6461 2d61 6433
312d 6433 3364 3735 3138 3266 3162 2220
786d 6c6e 733a 6463 3d22 6874 7470 3a2f
2f70 7572 6c2e 6f72 672f 6463 2f65 6c65
6d65 6e74 732f 312e 312f 223e 3c64 633a
7269 6768 7473 3e3c 7264 663a 416c 7420
786d 6c6e 733a 7264 663d 2268 7474 703a
2f2f 7777 772e 7733 2e6f 7267 2f31 3939
392f 3032 2f32 322d 7264 662d 7379 6e74
6178 2d6e 7323 223e 3c72 6466 3a6c 6920
786d 6c3a 6c61 6e67 3d22 782d 6465 6661
756c 7422 3e3c 2f72 6466 3a6c 693e 3c2f
7264 663a 416c 743e 0d0a 0909 093c 2f64
633a 7269 6768 7473 3e3c 6463 3a63 7265
6174 6f72 3e3c 7264 663a 5365 7120 786d
6c6e 733a 7264 663d 2268 7474 703a 2f2f
7777 772e 7733 2e6f 7267 2f31 3939 392f
3032 2f32 322d 7264 662d 7379 6e74 6178
2d6e 7323 223e 3c72 6466 3a6c 693e 3c2f
7264 663a 6c69 3e3c 2f72 6466 3a53 6571
3e0d 0a09 0909 3c2f 6463 3a63 7265 6174
6f72 3e3c 2f72 6466 3a44 6573 6372 6970
7469 6f6e 3e3c 2f72 6466 3a52 4446 3e3c
2f78 3a78 6d70 6d65 7461 3e0d 0a20 2020
2020 2020 2020 2020 2020 2020 2020 2020
2020 2020 2020 2020 2020 2020 2020 2020
2020 2020 2020 2020 2020 2020 2020 2020
2020 2020 2020 2020 2020 2020 2020 2020
2020 2020 2020 2020 2020 2020 2020 2020
2020 2020 2020 2020 2020 2020 2020 2020
200a 2020 2020 2020 2020 2020 2020 2020
2020 2020 2020 2020 2020 2020 2020 2020
2020 2020 2020 2020 2020 2020 2020 2020
2020 2020 2020 2020 2020 2020 2020 2020
2020 2020 2020 2020 2020 2020 2020 2020
2020 2020 2020 2020 2020 2020 2020 2020
2020 2020 2020 0a20 2020 2020 2020 2020
2020 2020 2020 2020 2020 2020 2020 2020
2020 2020 2020 2020 2020 2020 2020 2020
2020 2020 2020 2020 2020 2020 2020 2020
2020 2020 2020 2020 2020 2020 2020 2020
2020 2020 2020 2020 2020 2020 2020 2020
2020 2020 2020 2020 2020 200a 2020 2020
2020 2020 2020 2020 2020 2020 2020 2020
2020 2020 2020 2020 2020 2020 2020 2020
2020 2020 2020 2020 2020 2020 2020 2020
2020 2020 2020 2020 2020 2020 2020 2020
2020 2020 2020 2020 2020 2020 2020 2020
2020 2020 2020 2020 2020 2020 2020 2020
0a20 2020 2020 2020 2020 2020 2020 2020
2020 2020 2020 2020 2020 2020 2020 2020
2020 2020 2020 2020 2020 2020 2020 2020
2020 2020 2020 2020 2020 2020 2020 2020
2020 2020 2020 2020 2020 2020 2020 2020
2020 2020 2020 2020 2020 2020 2020 2020
2020 2020 200a 2020 2020 2020 2020 2020
2020 2020 2020 2020 2020 2020 2020 2020
2020 2020 2020 2020 2020 2020 2020 2020
2020 2020 2020 2020 2020 2020 2020 2020
2020 2020 2020 2020 2020 2020 2020 2020
2020 2020 2020 2020 2020 2020 2020 2020
2020 2020 2020 2020 2020 0a20 2020 2020
2020 2020 2020 2020 2020 2020 2020 2020
2020 2020 2020 2020 2020 2020 2020 2020
2020 2020 2020 2020 2020 2020 2020 2020
2020 2020 2020 2020 2020 2020 2020 2020
2020 2020 2020 2020 2020 2020 2020 2020
2020 2020 2020 2020 2020 2020 2020 200a
2020 2020 2020 2020 2020 2020 2020 2020
2020 2020 2020 2020 2020 2020 2020 2020
2020 2020 2020 2020 2020 2020 2020 2020
2020 2020 2020 2020 2020 2020 2020 2020
2020 2020 2020 2020 2020 2020 2020 2020
2020 2020 2020 2020 2020 2020 2020 2020
2020 2020 0a20 2020 2020 2020 2020 2020
2020 2020 2020 2020 2020 2020 2020 2020
2020 2020 2020 2020 2020 2020 2020 2020
2020 2020 2020 2020 2020 2020 2020 2020
2020 2020 2020 2020 2020 2020 2020 2020
2020 2020 2020 2020 2020 2020 2020 2020
2020 2020 2020 2020 200a 2020 2020 2020
2020 2020 2020 2020 2020 2020 2020 2020
2020 2020 2020 2020 2020 2020 2020 2020
2020 2020 2020 2020 2020 2020 2020 2020
2020 2020 2020 2020 2020 2020 2020 2020
2020 2020 2020 2020 2020 2020 2020 2020
2020 2020 2020 2020 2020 2020 2020 0a20
2020 2020 2020 2020 2020 2020 2020 2020
2020 2020 2020 2020 2020 2020 2020 2020
2020 2020 2020 2020 2020 2020 2020 2020
2020 2020 2020 2020 2020 2020 2020 2020
2020 2020 2020 2020 2020 2020 2020 2020
2020 2020 2020 2020 2020 2020 2020 2020
2020 200a 2020 2020 2020 2020 2020 2020
2020 2020 2020 2020 2020 2020 2020 2020
2020 2020 2020 2020 2020 2020 2020 2020
2020 2020 2020 2020 2020 2020 2020 2020
2020 2020 2020 2020 2020 2020 2020 2020
2020 2020 2020 2020 2020 2020 2020 2020
2020 2020 2020 2020 0a20 2020 2020 2020
2020 2020 2020 2020 2020 2020 2020 2020
2020 2020 2020 2020 2020 2020 2020 2020
2020 2020 2020 2020 2020 2020 2020 2020
2020 2020 2020 2020 2020 2020 2020 2020
2020 2020 2020 2020 2020 2020 2020 2020
2020 2020 2020 2020 2020 2020 200a 2020
2020 2020 2020 2020 2020 2020 2020 2020
2020 2020 2020 2020 2020 2020 2020 2020
2020 2020 2020 2020 2020 2020 2020 2020
2020 2020 2020 2020 2020 2020 2020 2020
2020 2020 2020 2020 2020 2020 2020 2020
2020 2020 2020 2020 2020 2020 2020 2020
2020 0a20 2020 2020 2020 2020 2020 2020
2020 2020 2020 2020 2020 2020 2020 2020
2020 2020 2020 2020 2020 2020 2020 2020
2020 2020 2020 2020 2020 2020 2020 2020
2020 2020 2020 2020 2020 2020 2020 2020
2020 2020 2020 2020 2020 2020 2020 2020
2020 2020 2020 200a 2020 2020 2020 2020
2020 2020 2020 2020 2020 2020 2020 2020
2020 2020 2020 2020 2020 2020 2020 2020
2020 2020 2020 2020 2020 2020 2020 2020
2020 2020 2020 2020 2020 2020 2020 2020
2020 2020 2020 2020 2020 2020 2020 2020
2020 2020 2020 2020 2020 2020 0a20 2020
2020 2020 2020 2020 2020 2020 2020 2020
2020 2020 2020 2020 2020 2020 2020 2020
2020 2020 2020 2020 2020 2020 2020 2020
2020 2020 2020 2020 2020 2020 2020 2020
2020 2020 2020 2020 2020 2020 2020 2020
2020 2020 2020 2020 2020 2020 2020 2020
200a 2020 2020 2020 2020 2020 2020 2020
2020 2020 2020 2020 2020 2020 2020 2020
2020 2020 2020 2020 2020 2020 2020 2020
2020 2020 2020 2020 2020 2020 2020 2020
2020 2020 2020 2020 2020 2020 2020 2020
2020 2020 2020 2020 2020 2020 2020 2020
2020 2020 2020 0a20 2020 2020 2020 2020
2020 2020 2020 2020 2020 2020 2020 2020
2020 2020 2020 2020 2020 2020 2020 2020
2020 2020 2020 2020 2020 2020 2020 2020
2020 2020 2020 2020 2020 2020 2020 2020
2020 2020 2020 2020 2020 2020 2020 2020
2020 2020 2020 2020 2020 200a 2020 2020
2020 2020 2020 2020 2020 2020 2020 2020
2020 2020 2020 2020 2020 2020 2020 2020
2020 2020 2020 2020 2020 2020 2020 2020
2020 2020 2020 2020 2020 2020 2020 2020
2020 2020 2020 2020 2020 2020 2020 2020
2020 2020 2020 2020 2020 2020 2020 2020
0a20 2020 2020 2020 2020 2020 2020 2020
2020 2020 2020 2020 2020 2020 203c 3f78
7061 636b 6574 2065 6e64 3d27 7727 3f3e
ffdb 0043 0002 0101 0201 0102 0202 0202
0202 0203 0503 0303 0303 0604 0403 0507
0607 0707 0607 0708 090b 0908 080a 0807
070a 0d0a 0a0b 0c0c 0c0c 0709 0e0f 0d0c
0e0b 0c0c 0cff db00 4301 0202 0203 0303
0603 0306 0c08 0708 0c0c 0c0c 0c0c 0c0c
0c0c 0c0c 0c0c 0c0c 0c0c 0c0c 0c0c 0c0c
0c0c 0c0c 0c0c 0c0c 0c0c 0c0c 0c0c 0c0c
0c0c 0c0c 0c0c 0c0c 0c0c ffc0 0011 0801
0b00 fd03 0122 0002 1101 0311 01ff c400
1f00 0001 0501 0101 0101 0100 0000 0000
0000 0001 0203 0405 0607 0809 0a0b ffc4
00b5 1000 0201 0303 0204 0305 0504 0400
0001 7d01 0203 0004 1105 1221 3141 0613
5161 0722 7114 3281 91a1 0823 42b1 c115
52d1 f024 3362 7282 090a 1617 1819 1a25
2627 2829 2a34 3536 3738 393a 4344 4546
4748 494a 5354 5556 5758 595a 6364 6566
6768 696a 7374 7576 7778 797a 8384 8586
8788 898a 9293 9495 9697 9899 9aa2 a3a4
a5a6 a7a8 a9aa b2b3 b4b5 b6b7 b8b9 bac2
c3c4 c5c6 c7c8 c9ca d2d3 d4d5 d6d7 d8d9
dae1 e2e3 e4e5 e6e7 e8e9 eaf1 f2f3 f4f5
f6f7 f8f9 faff c400 1f01 0003 0101 0101
0101 0101 0100 0000 0000 0001 0203 0405
0607 0809 0a0b ffc4 00b5 1100 0201 0204
0403 0407 0504 0400 0102 7700 0102 0311
0405 2131 0612 4151 0761 7113 2232 8108
1442 91a1 b1c1 0923 3352 f015 6272 d10a
1624 34e1 25f1 1718 191a 2627 2829 2a35
3637 3839 3a43 4445 4647 4849 4a53 5455
5657 5859 5a63 6465 6667 6869 6a73 7475
7677 7879 7a82 8384 8586 8788 898a 9293
9495 9697 9899 9aa2 a3a4 a5a6 a7a8 a9aa
b2b3 b4b5 b6b7 b8b9 bac2 c3c4 c5c6 c7c8
c9ca d2d3 d4d5 d6d7 d8d9 dae2 e3e4 e5e6
e7e8 e9ea f2f3 f4f5 f6f7 f8f9 faff da00
0c03 0100 0211 0311 003f 00f9 6fc3 7610
c0df bbb7 c153 8182 4e3f 2ae8 9679 9542
edda 3dcf ff00 5eb9 3b3f 897a 7c89 98d6
e1d7 d044 cdfd 2a49 7e26 281f bbd3 f529
3e90 363f 957f 31d4 a356 72bb 47f5 6c67
4d2b 5ce9 dee6 4057 a71d e88b 74a3 d33e
dffd 6ae2 efbe 255f 6d22 0d0e fe46 3d33
0915 15b7 c42f 10b9 1b3c 3f36 df52 40fe
b52b 0552 dd06 f114 d6a7 7c10 edfb dd69
c226 91b6 fcdf 8d72 961e 21f1 35fc 5ff2
088e 33fe dcc0 5594 4f16 4e38 834f 87dc
cc4f f25a cde1 64b7 6bef 2562 637d 2e74
26db 737f b3f5 a8a6 b6e3 79c6 57d4 d732
fa2f 8c26 9013 7fa6 c4b9 ec19 bff6 5156
13c3 1afd d47b 66d6 2d53 b1db 093f fb35
57d5 e3fc c89f ac6b a459 afbc 28ea 07e3
4c92 ed63 3969 07e7 8ae5 efbe 17ea 33bb
16f1 15c0 f409 101f fb35 55b5 f833 3f9f
9b8d 7afd b9cf ca42 d52c 3d1d dccd 1579
7489 d5de 6a90 881f f799 e3a0 e6be 5ef8
e972 d71f 1034 c3b5 9556 ee3c 67bf cc2b
e8a7 f863 6367 16f9 350d 4246 c670 66eb
fa57 cebf 1cf4 dfb2 78cb 4d68 d9bc b5bb
4003 73fc 43bd 7d7f 07c6 9ac4 3e57 7d0f
86e3 894e 5844 e4ad a9fa 3bf0 b137 f843
4d39 fbd6 cbfd 2bab f2b2 abb7 d7af a573
3f0a 1777 8234 def9 b653 fa57 4cf7 8a96
acbb 7f11 dabd b949 2936 7e79 cad9 7268
9aee d8b3 3eed a3a5 51b3 24cd b573 f29e
69f6 faf6 9e2d cc7f 6a80 3f4d a580 aa16
97eb 1dcb 18db 72e7 820f 5a39 d3d0 3d8c
bb1a ba8d c379 3b14 9ea2 aec0 3369 1e5b
b724 1acd d6af 234d 28b6 e224 e39a a33f
8b2d 74fb 28c3 361b 1cd6 6e51 5b94 a2f6
474c 2f23 08b1 e4e5 bbd3 1479 0b20 1f77
04f3 5cd4 3e38 b7b8 6555 dab8 ef9a d0b5
d5e3 bc5f 95b7 06a2 3243 9536 b72c 585d
72ff 0036 57b0 14dd 56d7 cd5d db9b 2dcd
4767 2a46 586d c331 c815 7999 4c6a bea3
15a2 f221 5ca1 e1d9 196f 23cf 3f35 74ba
e2ac b716 f961 f2ae 4f35 ce69 96ed 0ea3
85ee 7231 5afa d441 5e36 f330 ca31 823a
d574 d49e a67d cc11 dc3b 7f7b b561 df5c
490d c6dd db76 f61d eb72 4d42 17b4 dcdf
2b2f 02b2 6585 6ea7 5dca dcf7 cd11 02a4
77ef 242c ac33 d719 ac7b fb86 092b 0c8c
56ed c5b0 4fbb f2fd 6b07 5c2d 6b6f 2b7b
d3ea 56b7 b97f 499d 66b4 41ff 002d 08f4
e95f 1efe df71 795f 16fc 2ac7 e602 e947
eb5f 5e68 ed9d 3236 e87a 115f 227e df9b
e4f8 9fe1 5dbb bfe3 e97f 9d7a 5976 d3f4
673d 6bf3 c3d5 1f45 f836 746d 3ad8 f23f
70bf caba 1d9b 916b 86d2 23bc 6fec d5b6
6554 f294 c991 9e31 5dbc 726c 41df d6bf
0cc5 452a 8df9 b3f7 ba3f 0af4 5f91 e46a
aaa3 eea0 f4e2 9642 367d d4f6 f4a7 88c0
5ebf a1a0 c1c6 76b1 fceb 7f68 de8d 9e8c
6096 c476 f6ab 3374 5fca a74b 48c1 feb4
5bc0 d20f bacb f4cd 4ab0 7cff 0075 8fe1
4b99 df72 6486 c96c bb37 0936 e3b6 6a38
602c 3059 b8e9 d6a6 7b72 dc6d 3c74 a3cb
647f 9428 18c7 6a2e 4a89 5405 45eb f5a8
c861 271b 6ad1 b624 ff00 0f5f 5143 43e5
9fe1 ff00 beba 5052 33e6 5c37 51eb 54ee
2f48 9f6f 24d6 95cc 595c 961f 877a a32c
28a7 91c0 f61c 5544 ae53 3f52 b869 a03b
79e3 a839 af27 f14f c31b cf88 3e33 b286
ced6 397c a955 9e59 1b6a 45c8 39af 6411
dbf9 bb67 0a49 fe06 6eb5 623d 652c 61db
691c 5095 ef1a f27f 3afb 0c87 da61 ef55
753e 178a ab50 c425 47b3 3d7f c29e 2db5
f0b6 8169 6ab3 4734 d0c2 23eb 85c8 e2a5
bed5 aeb5 eb7f 2e4b a856 3908 ca40 4a9f
cebc 0f52 bfba bbbd 6599 6412 6387 53b7
f4e7 3577 4bd5 ee20 71f6 afb5 053f 73cb
948d ff00 d2bd 8e59 bf7a 4cf8 f508 4748
a3d2 97c1 905a 5d32 a6a1 7c00 3931 4cc6
44ff 00c7 b91f 855b b5d4 a4f0 8bac 9fbe
9ad6 4272 c1b7 6cae 32c7 c4d7 3014 96dd
6e24 4907 52fb 86de f90d fe35 d868 edfd
b568 b2c3 1fd9 d644 fde4 6ff7 1f18 e83b
77ad 2497 534b 3b68 6e5d f8bf fb56 cb75
bcde 62b0 ced3 fc26 b91d 7756 bcbd 71b7
2bc7 231c d5f8 b463 65a5 4d73 0f93 1f90
ce24 8c1c 8e06 720d 49e1 3f14 d96a 1149
22c3 1c93 4073 2447 ef28 f6ae 59c6 fb30
8d35 d8c4 b0b8 d411 3a3e ec67 6e7a 56be
81e3 6b9b 2661 2b63 6f5a f46f 0958 683e
2b4d be5f 9724 8380 4fe6 39fe 9553 e247
c198 2d6c 249e d222 cb8e 5947 0b53 28b8
ea99 9ca1 7d24 8ced 17e2 4437 4cbb 9d71
9039 adef f84c 6dd9 be67 f703 35e0 77b6
379a 0de9 ddc7 3952 3a35 3bfe 12fb afb5
af98 cdb7 1c56 d0c4 35a3 3967 8557 ba3e
80d1 7c48 b7ba 9aa2 b63e 86ba 6beb 3fb5
c90f cdf3 6335 f3af 82fe 2032 6aa9 972a
d9ef 5ecd e1af 1dc7 737f 6c19 d7e6 5ee7
a575 4710 9e87 34f0 ee3a a27f 1149 1e9d
2431 347b 8139 3815 957f e221 1bed 4ddb
7b57 41e2 848f 5090 30fb a7d2 b9d9 3490
836b 106b aa36 39a5 7b13 58de 8913 715d
df5a cbf1 55d2 5f42 c114 2faf 1d2b 52e5
3ec5 68b1 ff00 7ab0 f5a8 956c ced3 b891
daa5 948b fa0c 79d3 a123 7374 cf15 f287
edf9 02ff 00c2 c8f0 aed1 ff00 2f6b 93f8
d7d6 de19 833a 2c3c d7c9 7ff0 5078 cdaf
c45f 0aff 0077 ed69 9fce bd2c bdab 4fd1
98d7 5efc 3d51 ef1e 1285 bec5 6acc 3fe5
8af6 ae80 212a 2b27 c267 ccd0 6c9b 8ff5
2bdb dab6 9558 2007 1f95 7e19 88d6 acbd
4fde 69fc 11f4 3ca7 1230 fe11 ff00 02a6
c627 77c7 96bc 7fb4 6ad1 d3a3 27ee 9c1e
b4d1 631c 4321 957e b5b5 d23b d5c8 fecf
36dd db14 7d69 c904 c549 f2d4 e38e 2aa5
d981 bef4 ca3f 1acf b8b8 b78c 12b7 9b7b
f0d5 51a6 dea3 35a3 fb4b 4bff 001e f18f
4cd4 92c5 70c3 958d 07fb b5c9 5e6b 7708
db62 be9b d4e3 2735 3586 af31 6dd3 5f48
57d3 15b7 b123 95a3 a474 680a a34d 087c
6719 1934 4b03 450b 3493 2c6b 8ea6 b959
36cf 7ad7 4a6e a491 780c aa47 14d6 805e
4cb2 5dbd e3c7 fdc2 a768 a7ec c952 7736
2e35 2849 da8d 34e7 3d53 806a 8ea1 ab8d
3563 3242 8af2 1c22 b73c 7726 ba5f 095b
417c 9986 36f2 63fb f95a cdf8 85a2 2c91
c933 4684 8f94 03f2 b28f 6af4 32dc 2c6a
544e 7b1e 1e73 99ba 34dc 29ee 7297 7792
c923 32dc 44cd 2727 f83f cfd6 b18c fa94
778d b6e2 de58 c9c8 1e61 fe99 aa13 f872
6d4e ebcb b7be bc8a 16ce 4903 fad7 7bf0
e7e1 798c 7991 de4f 3498 c8c8 0173 f4c5
7d92 8c20 8f80 f7ea bd4b 9e19 d3e7 8638
fed3 0c32 5c4a 4054 0b92 abea dc71 f4ae
b3fe 1145 d657 7490 2c71 c583 bb1d bdaa
df87 7c17 f629 3cc9 376e ce59 9ce4 9aab
f103 c65f d9da 44cb 6e04 71e7 cb5c 375e
6b8e a62f 5e58 9e8d 3c1f bba9 4ffb 6ac7
4b95 e0b7 550c aa32 18e7 9f4a c9d5 be2e
37db ade1 57d8 150f 03a7 6c8f c6b8 1bdd
4ee1 84d7 0646 cc92 1543 ee4e 07f3 ac1d
427b 8b8f 10cc abf3 ac60 723b 6d65 5fd7
9a74 ef24 eecc a54e 31d8 f66d 0fc7 c2ef
46be b769 5999 da4e 0f65 c007 f98a e25b
c5b2 f863 c636 9716 f230 1331 5c96 fbca
0e18 7bf1 593a 1dfc f6ef 7cc5 be55 b2b8
90b7 fb45 d547 f2ac c934 bbaf 1b69 b6b0
d9b6 dbdb 6983 a127 1b7b ff00 4ad3 0ab5
7164 56a6 f492 47be e91e 2b7d 2678 efad
e46f 2d80 73b7 f846 7048 f715 efbf 0d7c
7f17 8c34 b92d e62b f698 d407 f491 0f01
bf1f d08a f92b c21a a48d e1d9 2393 7799
0fce a31d beeb 0af4 7f86 de27 9b43 d461
9577 1f25 3939 fbf1 f1b8 7e58 6fa8 35cd
2935 74ca 7493 3acf 8d7f 0e46 94cf 35aa
0682 405b 663e efd3 f9d7 896a 56be 5c85
8e7d abeb 4f12 69cb e2ff 0001 cd34 655e
7b70 1948 3f7d 08e0 8fe5 5f33 f8c6 c7c8
d465 555d a73b 871d 41a9 8cee ce7a 94b4
39dd 31da 3903 ee65 606b acd3 7c57 3e9d
a8da 9ddd 715c c2b2 a96d dc37 f2ab 22e3
65c2 17f9 b6fd d3de b7e6 b6a8 e271 3dd7
c3be 2f5d 4a25 52d9 3b45 5f96 7fb3 bef6
f983 7ad7 8ef8 3bc5 4d69 aaaa b3fc a7df
a57b 059d caea 3a6a 330f a63b d7a9 87a9
78ea 7995 a1cb 2d0b 175b 750b 5dc4 6d6e
d583 a8c0 d1c5 22ee cf1d 7d2b a492 0fdc
2f5c 8e70 6b12 fcab 09be 9c56 f232 b32c
f84d 644b 550c 00c1 e09e f5f2 7ffc 1462
f107 8f7c 3284 73f6 c4c7 b735 f586 9329
fb34 2ab9 db9c e4f7 af90 3fe0 a279 6f89
3e17 660d b56e 90e7 f1af 432f 5a4f d198
56f8 a1ea bf33 e91f 08f3 e1db 0f4f 217f
956c c4df 2564 7839 01f0 9e9e 78c7 929f
cab6 101d 83df dabf 0dc4 7f16 5eac fde6
9af7 23e8 7912 989d 3f79 25c3 7fc0 8d33
c8b5 5f98 a48d db96 ff00 ebd6 4c1a d8b9
0acb 19fc 5455 a4bd 924d b845 f6ae ae43
bed7 2ec5 6167 bbfe 3d63 3f52 2a40 f6e8
7e4b 6870 3a73 55d2 e260 a36a ad3b ed12
14ed 9ff3 ed41 3ca5 9fb4 c45b fe3d e1f4
3fe7 150d c4ca cd91 0423 db9a 6a3c 8cb9
2db7 f0e9 fa53 a39c 93b7 753e 6279 4922
bfc4 7b7c a847 d01a 742e d76f 8f2e 1c67
a15a 8588 1d5b 1ebe dfad 168a 1e45 5de7
af5c 7ff5 e9c6 f7d0 2492 5736 bc66 9378
37c1 76b7 b625 6576 62d3 4510 e89d 071d
6b85 d5bc 7b6f aae9 cd0d c6e4 9197 215d
08c7 d0fa 7b56 d7c5 8d7b fe11 ed4a de2d
d23c 2d02 e31c 60f7 15e5 fabf 8b21 fb77
d9ae 2d66 018e 430e 40ed 923f c2be bb07
46f4 d687 e7b8 ca9c d5e4 e4c6 dadf 4769
a9af 9893 b866 39e4 b0fc ebde fe11 5ddb
ea36 4150 6c66 3b46 4f19 ff00 38fc abc1
f48b 0bcd 6afa 3b7b 7466 dcc1 57fb a7d3
f2af 69f8 71a3 4c75 6b6b 7b55 0d0d 98f9
d81f f58d dcfe 75dd 5358 ea73 5247 a2eb
3a1a d969 1953 e63c bc67 35e7 5e2d f03c
b7f1 c70b 479d cfbc f1e9 5ed9 1682 d343
1f9a 17f7 6318 f4ff 003f d2ad 5df8 22de
e229 245f bde4 9e83 d78a f2e5 45a9 391d
f1a9 a247 ca7a 9f85 5527 b7b6 0adf b91f
6890 63f1 03f4 a3e1 dfc3 afb5 687a b5f4
ca3c c644 2848 f573 ff00 c4d7 a3de 7858
dfcf acdd 22e3 e730 a71f c208 51fa 0fd4
d745 a0f8 396c 3c13 2284 1f30 b742 76f0
49dc 4ff3 ad69 5497 2305 4e2f 53c3 6efc
2cd1 e97a a32f f0c3 143c 0f57 c9ad 1fd9
efc1 5b7e 24c2 aebf 26f4 2415 e0f0 7ffa
f5dd 5cf8 57cd d2ef 0ecd ab2d e205 e3b0
cd74 df0c fc18 747f 18db dc2c 7f2a c083
774c 90fc ff00 3aba 151a 4db0 b267 9e8f
044b a378 92fa cf6b 6d69 98a1 3fdc 7ff3
9aed 3c39 e1a7 ff00 847e cee9 80f3 11bc
9906 3a30 e307 ea09 aed3 c79e 0923 c451
de79 7c34 3f31 c700 a9c1 fd2a 8697 790e
8f7f 75a4 dd37 fa3d e012 c6df ed0e 303f
f1da de3e f6e7 3d78 d9fb a767 f0ca edac
74af b3cc fba3 b563 0364 6774 6dd3 f238
35e3 ff00 1eb4 61a0 6bf2 ed0a 0364 74e3
ad7a 3f85 3c59 6f7a eeca f962 9891 471c
e7fc fe55 c57e d00e 756d 304c ca3c c450
091f c441 c7f4 1587 c263 2a77 bdfb 1e43
25c0 2bb8 7f11 eb4c 9ef5 9f51 8f1d 31cd
410d c79d 0aed 1dea 48e7 ccc1 bf8b 15d8
78b2 2d0b f36b a946 c36e de33 5f40 fc37
be5d 4344 b7fb ac71 9e95 f355 f5c3 4b3f
dedb b4e7 26bd cbe0 2eb0 26d0 d137 7cca
719a ecc2 f638 f131 bab9 e957 88b8 0abf
2b11 d7da b9f9 6de3 69a6 f9b7 1c56 c497
2d35 e966 65f9 4631 5cf9 e0dc 37b9 c576
5ce3 897b 498a 34db b881 5f26 ff00 c145
6d05 b789 b413 f7b6 dda7 f315 f572 48cc
606d b5f2 7ffc 1466 46fe dbd2 9b3c adca
119f f7ab d2cb 5eb2 5e4c c2bd b9a2 fcd7
e67d 05e0 66dd e0ed 3bfe b827 f2ad 80d9
1f2f 6e2b 97f8 6b76 4f81 74d6 67dc 5a05
fe55 d223 02b9 f5af c371 5171 ad2f 567e
f347 f871 7e47 cf32 f8d7 4d84 7c93 275e
c2a7 4f1e d9c5 16ef 99bd 8213 9ad4 b0d1
6189 ff00 d48f 5ab1 3c4d 0fdd 857d 81cd
7a9c d4bb 33ab f78b 630a 7f89 3046 a716
b7d2 7fd7 3858 d432 fc4a 9147 eef4 7d56
5279 c790 56ba ab42 d22e 2431 c6be 94e6
ba85 0b61 559b b7cb 4735 2df9 7f12 796a
f739 01f1 1efe 55f9 3c3f 7fff 0002 c2d2
c7e3 1d5e f1bf 77a2 cc98 fef4 a9fe 35b5
732c d7d3 73b6 38f3 c715 0dce aab6 69e5
c2de 6cbe 9e95 4a54 ded1 0e49 bea5 3835
9d72 f8ed 5d3e 38fd 774c bffd 7ad5 f0f6
97ad 5cea 50f9 b1da c30e ef9c f984 f1f9
552d 3750 9a36 f9bc cdcc 727d ab6a c6e9
9586 d763 c671 93c5 6b4d 734d 4545 6a73
e2e4 e146 5272 e853 f8a8 89ac cac8 cdb5
e325 17d4 63f9 fe15 e41a feb5 3683 22c7
359f db17 f859 be60 307d b915 eabe 33b6
f3e6 9999 f747 2282 c33f 374e a0f6 22bc
cf58 f0c4 b24e 523f b448 8d82 cebd 7f11
5f57 83a7 ecfd d91f 9ce2 2a73 3ba3 a7f8
79e2 0fb7 5b79 bc47 3cff 002c 6910 ff00
549d dbea 7a57 b37c 2e96 d2c2 70e8 dc44
3924 f04f 7af9 eb41 f0be a835 2f95 9963
6c28 5ce0 a8f7 c57a 7f80 eca6 b178 55a4
475f bce1 4919 03b5 5e21 c57c 274e 1537
f11f 4fe9 f7ab 750d ac21 86eb 8024 7e7e
eaf6 fcf3 5d75 fd84 56ba 2cd3 46bf 2f92
c507 4f94 29c7 e75e 7bf0 82c6 6d6a 5df3
7124 b892 4e7f d527 65fa 9fe9 5e89 ab4f
f6ad 0ae7 8dab 1a30 da7b 7615 c3ad b53b
396c 9c8f 2ff0 df83 c9d0 d636 576f 398b
bb7d 158d 6f69 fa0f 97e0 32ab cfef a366
18ec a0d7 41e1 bb05 b864 c2ed 8d11 b8f7
d872 6a4b ab6d be13 711e 0167 6538 f5db
446c 9587 1bb8 1c4f fc21 ab36 9622 48f7
6243 3360 76e0 7f8d 6cea 5a5d bf87 a2d2
674c fef5 1948 edfe b0ff 00f5 ab5f c250
7f6a 585d 4c08 f94b 4407 5c7c a5ab 3fc6
36ed 37c3 6d3e f3cb f96d 6e4a b127 9d8c
71fc ea1c d44d a951 6c93 c673 27f6 4c93
2ae5 6322 4da7 b06e 08fd 4d7c fdf1 3bc4
934f 28fb 29db 7163 199d 40ce 582e 037e
83f4 afa4 5f4c fedc f080 df1e e324 4619
0faf 1804 7e95 f3af 8afc 1d79 a2de dbea
4d0b 4bfd 9174 61be 4c7f cb16 270d f4e7
f5a7 4ea6 a743 c327 a9cb f807 e266 df16
798c fe5c 374c 6360 cdc0 2cbf 2ff8 5755
e21d 67fe 122d 2648 4b73 c9db dc64 60fe
b935 c7fc 4bf8 277d e15b a6d4 b4d5 6b9d
36eb 13c2 c833 e5e3 e600 e3d7 355f 48d6
fccb a858 48c7 ce5c 95f4 cd5d 67a5 d18b
c3ad 4c7b 70b1 12bc f07a e29d 0954 97af
3df1 536a 901b 2d4a 68d5 58ae e27a 5436
f6aa acce edb7 8e06 2bb6 3aab 9f1b 5349
b466 eab2 c82e 3031 efcd 7ac7 ecf3 adaa
dbc9 1b1f 9b35 e4f7 c0bc acd8 ff00 0aed
3e03 5fac 1afb 4670 a1ab a68e 8d18 56f8
4fa0 36f9 0bb9 9b77 99de b2de 501d 9735
71ae d248 635d bf4c 5675 faf9 5bff 0085
94d7 74b5 3ce8 a35e 6b4f 385b b478 f97a
d7c8 9ff0 5155 ff00 89e6 9618 315f b427
53fe d735 f5ce 9d76 bf64 8598 f6c7 15f2
0ffc 143a ed6f 7c4f a5c6 ad95 fb42 641f
f785 7a59 77c6 fd19 8623 75ea bf33 d57e
1b7c 44b1 bbd2 b4fd 2e19 17cc 8e05 e3f0
aefe 1b85 48c6 ee4d 79bf c24f 8736 962d
6978 b17e f248 1496 35e9 9f62 007d df6a
fc63 328d 2f6f 250e e7ef 3859 3f63 1bf6
3cbe 3919 23fb 859b 1c63 bd57 2b77 7571
f32e 17a8 ada9 a68e 08fe 5c74 39a8 63d4
a379 955b d3ad 473b b1df e666 5c68 324e
3716 3ef4 971e 4e87 66d2 49f3 15e8 335d
0466 19e2 6db2 ad62 de78 6a0b c977 3bb3
1faf 1551 9a7f 10b5 39f9 2e2e 35a6 e9e5
c3d7 03ad 3a1d 00b3 e233 b7d4 fa56 e2f8
5fec cffb b98f 03d6 9a34 5b88 5c98 df71
fa56 ded1 6c80 8edf 4448 22da db5c fa93
56a5 b75b 5b13 26df c454 674f bcea cca3
1f5a 8f52 f3a2 d2a4 1249 cb70 08ed 5db9
65e7 8a8a 6cf1 f386 d60e 6c98 780f 5af1
9d85 d43a 2d97 db6e 839d 8830 368c 7a9e
2bcd fc5f a378 9fc0 d746 d75d d3ee bc3c
cbf2 0330 07ce f70c 09fc bdba 57d6 df01
208f 4bf8 7ff6 8127 9325 c5db 167f e22a
0e00 fc6b a4f8 e7f0 bb49 f891 e0bd ad75
1dc1 4559 36cb 9de1 bd46 7d2b e8a5 8e72
aae3 6565 f79e 153c 8d47 091a adfb d2d4
f887 46d4 efaf 02a4 0d1c d1b6 338e 59fe
a7d2 bd1b c15e 1ed5 2754 f2ed c86d c028
443c e7d4 fa57 6fa1 fc0e 4f0f 5e47 b7ec
9e5b 701c 4637 7e35 ed3f 0ebc 256f 630a
c671 8ec7 6702 9d4a 89ab a38e 34dd 3767
b90f c13f 0e5c 693a 58f3 9593 79dd 2337
de73 5d17 c419 1b4e d259 226d a245 c1c7
7ade 1a4c 7688 aa9c 27b5 67f8 ab48 5d4e
d551 f77c b9c6 0d79 b2c4 ea7a 7ec2 3cba
9c3f 81bc 622f 3518 4062 1660 723e abc8
ad62 6e1b e1e5 f5d2 16dd 6bbf 70fe e952
467f 2acf f04f c364 f04b 4d34 d334 c1a4
dc99 19da 3ad6 f378 9a18 34eb 9b5d bf2d
d16d eb8e b9ad 69fb dab0 8d34 a364 4bf0
e9e2 d17c 1d6f 25d1 f2fc e732 12dc 139e
9fa5 6741 e37d 227f 0f5d e8b7 6fe7 c7e6
b15d bc80 a4ee 1efc 5727 f173 e2e6 9fe1
3f0a 9975 4ba8 6c74 eb60 103b 7404 e3d3
a93d 8578 9787 7f6b 6f0d ea5a efd9 7498
ee24 5672 be73 c651 58f7 e4f3 debb 7eab
51ab f2b3 4a75 a17b 368f af7c 3975 6afa
62c7 0c8b 22e0 607a e6b3 6f74 2b38 af6f
44b1 c662 bc88 a4aa c320 f15c ff00 c1cd
6db5 db58 e60a 155b 91c5 3bf6 8af1 1cdf
0f3c 0536 ab23 6d68 c844 c772 c401 fceb
95c5 a972 adcd 256d dec7 35e3 0f14 d978
2748 6d36 d221 70ce 088e 0ebb 463a 7d3b
57cd 17f6 5770 6bb2 7996 ed6c be6b 3c6a
3eea e4e7 8fc6 ba4f 8c1a 778f bc35 f05e
fbc7 d1d8 cb06 9f19 8f67 9a84 c932 bb6d
0c3f d9cf 6ae1 3e07 78e7 5cf8 9502 cbad
61a3 8e27 9702 231e 368e c73c d7b0 f2ca
91a3 ceec 7933 cd28 caab 842e ede4 75fa
bcb6 f25d 8561 2acc 5177 16c1 5638 ed58
b74a c97b f31d c31e 9c54 9a4e bd25 da48
b304 9a12 4819 1cad 36e9 5566 5f27 6946
eaa0 e715 9d38 d958 f95a b2e6 a8e4 8cdb
b6ca ed6f ba5b b574 7f0b 2d7c bf13 a32b
7cbe b5cf 6a9a 7348 db96 4007 a62b bef8
13a2 adcc b24a e371 8fde ba69 2bb3 9aa3
b45d cf5a b5be ba8a 68d6 38d5 a3c7 7ed4
fba7 6bb5 9a46 03e5 1823 de99 a75e 3452
b0db f2af b511 2b48 b36d cfcf 5da7 9c8b
9a41 8e4b 38f2 3e61 ef5f 287f c142 2d14
6b3a 5c91 c7b7 6dca 0ce7 afcc 2bea ed2e
0686 051d fa64 57cb 1fb7 c5b3 473d 9b36
47fa 5c64 13dc 6e15 e865 bfc4 7e8c e7c4
5ecb d51e ddf0 e60f f8a5 b4f2 319f b325
7490 c5f2 7ef3 7335 61f8 0a26 4f05 e9ec
bce6 dd79 adab 2766 8019 3ef5 7e27 8bfe
34fd 59fb c507 7a51 f447 9ac9 a36d 8ff7
927d ecf1 4d5d 3a1b 61fd e38e b45c 5cab
151b 896f e54d 32aa 20f9 b3f5 346a 7a57
2192 da28 3852 c18d 4b6d 631a aeef 3589
f41d aaa5 fcf1 8395 dbb8 f4a5 8750 d8bf
7413 ef55 caec 2b96 cda6 07fa e61f 8511
aac1 f7a6 661e b59b 36a6 d712 9555 5ebe
829b 717c 4a8f 957b 1354 a9df 7173 1ab2
ac72 4790 d231 f4aa 17fe 58b6 62cc 76e7
9c9f f3f4 aae9 71f2 7419 c638 a919 1ee2
de3c afcb bb27 8f6e 95eb e4f4 ed89 8b3c
5cf6 56c1 cae7 b6fe ce97 526a 3a0d f59c
8145 d291 2c20 8fe1 e3e5 fcb2 6bda fc4b
add9 ebda 9c36 0c3c cb58 e059 1d14 fdec
2f19 fc7b 5786 fc02 ba86 d759 b82e cd1f
936e cd92 7ee9 51fe 4d7a c697 af0f 0b78
7edf 51b7 8e2b ad4a e331 c01b 90c1 f248
23db ad7b b8aa 71a7 55cb b9c7 92e3 1e23
09ec 65bc 7447 03e2 1963 d335 493f 75b4
161f 2e31 b39e 38f7 aea3 c2b7 335e 0831
fbb5 539c fbd4 3278 7d7c 43a9 b2ea 0d71
6faa 5c44 d98d e3da 5e43 9da1 07a1 e326
af78 0916 d310 baed 9154 8209 e841 20d7
37ea 4e22 8a72 ba3a 0fb7 3412 32b3 7c8c
062a ec31 fdae 2519 c6ec 1c13 545e 0cc4
caa1 b747 d29f 6778 f6d2 ac64 36e0 319a
f3aa 2b33 b795 7258 a3e3 2d3a f6da c996
d635 9598 70a4 e013 5e59 77e0 7d6b c43a
8eed 5b54 974f b30d c456 a36a b0f4 2dd4
d7d0 f656 b0de 5a29 65dc 71c1 f7aa ba9f
87ad f54b 3963 2aad 8e3e b5d7 4253 8abc
429d 353d 1a3c 9fe3 159d a78e 3f67 1bbf
87a6 face 1d1e e65f b534 8883 cf67 dd1b
124f 4ff9 6518 e9fc 23eb 5f30 fc32 f813
6de0 9f19 88f4 d8e7 d514 4b97 7750 431e
9e9f e7d6 beb5 f107 c358 e60e caad b541
19dd 8ef5 9de1 2f0d c1a1 5e98 d2d3 7329
eb8e e6bd 5fed 6aee 3cb3 7a6c 650c 8e8d
26e7 4d6f a963 c3ed 269f 6709 8e14 81d3
6aed 5180 0f7c 56b7 c53f 041f 8b3f 0cef
74b9 be59 9c09 2076 39d9 2290 57f0 c8ab
7fd9 7717 d78a 5ad5 a28d 72de d9ad c89b
16cc 8c31 d070 7ad7 1fb4 f7b9 96e6 d2c3
ae5e 5b1f 2958 c5e2 0974 e1a4 ea91 dd5d
5946 4c2d 6923 b491 e54e 31b4 f1c1 af40
f05f c37f 2fc2 d79f 6ad1 e1b5 85e1 78a2
0000 cbb8 1191 5dae af69 0e93 e2e9 0ed8
e48e ec09 003f df03 07f4 e6b6 6ef5 3825
d39e 1c2a ae00 ff00 778a daa6 2aa4 b4e8
67fd 9f07 0db5 3e23 d434 26d0 3529 a07f
e172 338f 4355 ed2f 564b eda2 36dd 9e0e
6ba7 f88d 2b58 78d7 56b4 9461 63b9 6284
0eaa dc83 5cad a3e2 eb29 f783 735d d0d6
373f 38ad 1e5a 8e2b a31b ac5d 279e 01c7
03b0 e735 dcfc 09d6 4477 7242 adc4 9cfd
2b82 d563 d939 dc01 6ce4 935d 17c1 a999
3c4c 173b 79e2 ba28 bb34 72d6 f85d cf74
b63b d9c7 e7cd 5bb4 025b 5918 01c0 c0c5
55d3 2146 761b bb56 95a9 1147 2205 f955
73cd 7749 9e72 1ba5 bb3d a673 f367 18e9
5f2b 7fc1 4212 5b49 34fd ca42 b5c4 6413
f515 f56d 846a 6056 55cf 3935 f2af fc14
3ee1 a5fe cecb fddb 84ce 7b72 2bbb 2f6d
cdfa 331c 474f 547b a7c3 ef9b c05a 5b0c
736e bfca b650 7cbf 77f2 ac2f 8713 e3e1
d699 ff00 5eeb 8fca b612 4c20 e9f9 d7e2
b8a8 fefe 5ea7 ee58 77fb a8fa 23cb 64b6
ca0e 76b1 e335 5d6c da46 2375 42ff 0010
7470 9f35 e5bf cbfe d0e2 aa49 f13f 4788
b6db d85b e8df fd6a de34 2b3d 91e9 fb58
234c d822 c792 c0b7 7a7a 5ac6 3966 c0fa
75ae 5b50 f8b3 a52a 9d97 4bf8 1aae bf17
74c6 5c34 d237 6e17 35af d56b 6f61 7b6a
696e 75d0 9856 5ffe b549 3792 182a 86cb
5720 3e2d 6981 818d 6e9c ff00 b311 34e9
3e2a 412c 598e cefa 57f4 f25b fc28 faa5
57d0 8962 299d 6adb a9c6 38ad 6bbd 1bc9
b181 795e 727f 1ae4 bc1f e28b cf10 ea50
a7f6 5de2 ab36 e25d 081c 57a1 f886 d265
b687 cc1f 3aa9 6703 d49e 07e9 5ed6 4f86
953a 9cd3 3e63 8831 7195 3f66 8e83 e145
aa3e a374 676d bf69 460a b9e4 f193 fa03
f98a d8f8 33f1 8ace 1f8b 8ba1 6a93 2c25
91ce 9c65 2021 2080 c3eb c8c5 703e 11f1
10b7 f883 a740 1b2a bfba 7c1f bcce 3920
fd08 1f85 79df ed95 a0c9 a269 f63a adb3
3c37 3672 3ca1 a33b 481b f69f f1fc 2be9
1e1e 35eb 7b29 753e 6f03 8f96 0d7b 58ab
f75e 47e8 800b aa3a c971 e4ca cbc2 4a40
dc83 fd93 dbeb 5e71 22db c7e3 1d41 6199
268e 2977 2946 e99e a3f3 cd7c c3fb 19fc
73d6 fc71 a349 a3ea 5ab5 f4d3 5b9d aaed
3659 94f4 19af 7987 4fff 0084 3f54 b793
27cb b91b 5beb d6bc ec4e 0e74 66e9 ccfa
88e6 1471 34d5 5a6a d73d 32d9 56ee 3f9b
eeb6 3be3 9a6d c69f e65d 2955 f954 e7e9
50f8 66f9 6e2d f121 27b8 adcb 08c3 4eb9
da73 d315 e454 85d9 71a8 cad0 df3c 1fbb
6055 7766 b574 4992 e81d df2e e007 3e94
cd4a cc6c 5f93 be73 8ae7 751d 7d74 e765
57da dcf7 e95d 787d 1d8e 9a15 34b3 35bc
771c 3006 fb3b 7dc5 cb10 78af 2af1 178d
5b48 f3be c79f b439 38da 327d cfe1 5ada
ff00 8d64 b988 dac3 ba59 26f9 42a8 cb1a
b3f0 f7e1 f476 933c f791 f9d7 537d edc7
2107 6515 d728 a9bb 23d0 5898 d386 a45e
03b8 bef1 359a c8d7 4f21 db95 05f0 2ba7
f0b4 915f 4f3d bddd d416 f242 85c1 63f7
cfa0 acdd 67e1 ce9f 0bc9 2c2c f6fb b929
1bed 5fca bcab 53f0 dea8 3c55 70f0 5eb4
51c7 c20e b8fc 6b48 e1d2 f799 32c7 51a9
a256 3aaf 8b5a ac56 ad6d 22b8 5916 e536
63a9 e40f d41a 86f3 5311 e9e6 4322 ee3c
9ae3 757b 095e fe39 6eee a4b8 9a03 f293
81b4 fb0a ab79 7b7d ac41 3075 d96b 6e86
4771 df19 38fd 2b15 4fa1 8d4c 6423 4a52
8f43 c7fe 24eb 31eb 1e3f d527 5ddb 5a5c
67d4 631c 573d 0ceb 15ec 647e a297 5366
1a9c adbb e566 279e d55e f0fe f536 e73c
e6bd 38c6 cac7 e5b5 aa73 cdcb cc93 51b8
1717 45ba fcdc 1f4f c2ba 4f84 9a73 5f78
8d4c 7d17 9381 5cad ec7b 61ff 006b fad7
ac7e cd9a 229b 592e 5973 d867 b56f 4a3e
f1c9 5b48 9e9b a369 ab14 3b8f 61c9 34fb
897c ef38 f60b 8cd1 3dc7 d9d1 9557 0b9c
e454 331f f419 195b 2185 75b3 8224 fa0a
b8b4 ff00 673d 2be5 8ff8 2845 8ffa 2d93
2f6b 8539 fc45 7d41 a05c 98f4 f50c ea4e
302b e69f dbee ed9f 4db2 8dc9 5cdc ae06
3af3 5df9 6e95 3e4c c713 b2f5 5f99 ebdf
0fd9 a1f8 77a4 86fe 2817 f2c5 6d0b b581
70cd 8ac1 f065 e2da f803 4d67 2311 db2f
f2ae 4ee7 c79f 68ba 9546 e6d8 c7a1 e95f
93cb 072a f5e5 cbdd 9fb6 46b4 2961 e2e7
d918 b178 0744 8b1f f12e b7fc 5055 a83c
1fa4 c79c 69f6 fc7f b02b 425b ab7d b9dd
cfd2 abff 006b c58d ab91 9ef8 acbd ad47
d59e afb3 8762 15d0 74f0 7fe3 ce1f c145
5bb4 d36c e15f 96d5 171d 78ef 4c87 5285
57ee b71d ea41 aac6 c87f 767d aa79 aa3d
db1d a0ba 1315 b718 1f67 8eac 5b85 8e2c
f951 8e78 0075 acb9 6fd8 9ff5 785f 526a
f787 da7d 5351 8e14 4cf9 9f90 1551 8cd9
8d49 462a ed1d 6781 74a6 6954 ec5f 3243
9e83 e551 cd1f 13f5 5161 6531 042f 48a2
faff 007b f0e6 baef 0ed8 47a4 e913 4c76
fca0 a6f2 3ef6 3a9f cf35 e3bf 157c 43f6
9d54 2f99 fbb8 fa7b d7d3 e5b4 f96c 99f0
d9a5 6f6b 37d8 a736 bc34 8f14 59b3 6018
638d c91c 74c5 6dfe d3f6 71f8 9747 b7d8
3741 35a6 f5c7 f107 dc4d 7946 b5e2 d5ba
9a79 b39d cbb0 127e b5e8 1a6e a63c 69f0
734f 7859 a697 4fb7 588f 3cf0 067f a1af
4eb3 9424 aaae 879d 878c 65fb b7d4 f31f
d8bb 599b c3df 1892 dd9b 6ef0 2091 08c7
43c1 fe63 f2af bd3c 7fa3 1bcf 0a2c d1b3
1923 c48a 3d08 afce b965 6f09 fc52 b1d5
ad77 46e2 6490 8e99 5270 d9fc 7fa5 7e91
7c34 d5e0 f883 e03b 7997 0d27 9237 01d7
07bd 5e71 539a 51ac baa3 b329 f720 e8be
8ca7 e0af 1179 d6f1 1ce5 8a8e ff00 4af4
4d16 55b8 65fe 1c9e b5e3 b1d9 b786 75b9
adbe e856 dd1f b8ef 5e85 e17f 1224 b12e
f7e5 46d3 ef5e 2d5a 6be2 47b5 4ab7 4677
b127 9c54 15dd 8c83 cf41 5cd7 887c 010e
ac26 5f98 ed3b 8807 ef0a e834 6b95 bb45
657c 0ee3 3d6a 4bbb b4b4 e776 5b90 78c7
e15c f276 d4de 9cba 9e6b e23d 3ec7 e1e6
8f73 a879 4dba 3883 2841 f373 ef5c 6e91
f1ec dbb2 adc6 9faa c6d2 608f f472 037e
35ec 5e24 d2a1 f115 bec9 5479 0cb8 a34d
f0cd a5d5 9791 710c 571e 5fca 0b20 e95d
583a f1e6 b4cd a726 e375 b1e5 f7bf 1d7e
d43c 98f4 5d51 9a51 c33c 2db7 db90 0d71
1e33 f89b a95b db48 fa4e 8b75 7178 a416
555c 6eff 00be b03f 5afa 2f57 f006 9b67
a733 2aa4 5b46 3005 7986 a9e0 48d2 e245
1336 c918 e78e a3de bd69 ca8a 5761 4674
ada2 3c9f e155 deb5 f11f c64b fdad 62ba
7c0b 22e1 4382 7df3 dabb 5f8e 8f6f e07f
036a 291f cad7 1fba 5c0e edc7 f8d6 d4ba
4dbf 86e3 68ed 576e 70db bb86 1cd7 94fe
d17e 2c9b 54d2 6d63 90e2 3b87 2ec3 3db1
85fe a6bc ee6e 7ab7 5b1e 5665 5142 8bb7
53c5 6575 5b97 327c ddb1 51fd a76d c923
1c8e e3b5 134e b24a c48f bbc9 c1eb 54fc
d496 ef76 5be5 e83d 2bd3 8aba 3e2e 44fa
95b4 ccc1 82fc a6bd e3e0 4582 daf8 5137
f0cc b9c0 af1e f0bd bff6 c6a1 6f03 b756
03a5 7d29 e09f 0945 a269 90fd d036 f02b
ab0f 1d4e 3c4c ba04 f63b 6c58 9fc2 b3c0
6161 2fcb bb6a f27d 2b67 568f 6c6d cb63
b7a5 645c 5b2a e913 3349 8665 3c56 ef46
72c4 8f4d 20da c6cb ce7b 66be 70ff 0082
8258 c896 9a7c cc70 3ce4 2063 a723 35f4
0e8e f22e 98ad fc2a 7a77 af9e 7f6f 0bb9
2e34 184c 9c84 9d31 8edf 30ae fcbb f8af
d0c7 11f0 af54 7a8f 862c 3fb5 7c0d a7c1
e632 abdb 28cf e15c 278a 2dac fc2b 7df6
7569 1db9 2c45 7a37 852e bec9 f0b7 4db8
6e1b ecaa 71f8 5713 a4f8 324f 19dd de5d
49f7 7cc0 178c d7c3 e5b4 ed56 a4df 73f4
8cd3 157a 54e0 ba25 fa19 324b 713f 4c2d
4372 970a fcb3 7e15 a173 6d79 086d ab1b
7a75 aa2f f6fb a9bc bd8a bcf5 cfa5 7cfc
64d9 f79c 9145 db3b 39a4 8fef 9c55 882d
999f e566 e952 d969 120b 6db2 4cc5 b1fc
3566 db46 8d17 9924 e958 caa6 b60e 5456
fb12 ecdb b8b7 ae6b d03e 18f8 619a 30cb
feba e3e5 563f f2cd 4752 3f9f e15c ee93
e1b8 6e9d 772b 32fa 9af4 eb29 6dfc 25a0
963b 536a 0dce c788 d40e 7f3a eac2 fbcf
43c5 cdab 2853 b22a fc4b f10d bf84 7c2a
91ab 6d4e 228c 13cb fbff 005a f927 e2df
c421 662e 5de4 752c 4c71 91df dc7e 75dd
fc6d f8ae 7c51 aacd 3090 a59d 9829 10cf
41dd bf1a f9bf c433 eadf 103c 4fba d6dc
9b5b 6600 1907 c8b9 e33e fed5 f6d9 5617
5e69 e87c 1637 10e3 1d0e b24d 6d74 fd0f
cc76 924d b06f 624e 3076 e6bb bfd9 a3e2
2c2b a0c9 6eec 225b a745 8959 b20b eccf
ebd2 bcbf e24e ab0f 873c 3171 e66e 72ff
00ba da30 3774 1c55 3f0f 6b2f a378 7aca
48f6 c7e7 49e6 a6c1 d368 0011 5e85 4a31
a946 5a6e ff00 2392 9d4f 6756 2bb2 3d47
e294 51e9 7afd bcf1 c6be 45c3 ef08 ff00
c4ad f797 ea2b ebdf d88b c509 79e1 6b74
f3b7 496e c630 41ea 3dfe b5f1 07ed 35ab
4971 f0d6 d6f2 3668 6e23 b886 6470 7a79
91e4 feb9 aed3 f603 fdac 2d7c 3fac a58e
a8de 4acc c159 b385 dfeb 5c72 c1ce 781e
6dec cf52 8e32 9c71 7c8f 4ba3 f417 e25f
8285 f48b 790a aac9 19cf 1e86 b92b 269b
4a93 77cc a73c 8238 af52 f0be bd65 e31d
1636 8665 9a09 0646 08e0 d677 883c 0cac
197f 118a f169 4bec b3d8 968e e667 84fc
73e4 ba21 6239 c9f6 aede 565d 42c4 c84f
dee0 903a 5793 dd69 ada7 5d79 91a8 5963
6f98 671b 8575 5e1e f11b 451a aefd d1b0
e413 d2b2 ad4f b1b5 3ada 1d76 8aa9 7363
244c df36 3038 aae8 5acd 7e65 c327 eb59
5fdb 6ba7 cc92 7998 5719 ebc5 6d5b ea16
fa92 2b6f 4dcf d81e 0e6b 9145 a774 76d1
a89a e561 ab5d 79da 530d bbb7 f254 d71d
7ba5 be5a 40c9 bba6 cebc 5761 a9d8 2c96
5272 7f77 c85c d73d 1cf1 5bca d1ee 5dcd
9c02 6ba2 a4a5 d4eb a346 1ca7 0de3 1616
9677 b23f ca2d e169 0fb7 1d6b c57e 3241
fdb1 e01d 2754 8d5b 6dd5 aac8 475c 6188
fcb0 457a 7fed 2fe2 88fc 3be0 1d52 60ca
b25c 4061 4ff6 9988 55fd 6b8b d66c 36fc
15d1 6199 955a 38da 00ff 00dc 6183 cfa8
e715 be1e 2f49 b3e7 b3c8 f2fb a7cf ec72
3a7d ee0f d6a0 947d 9ee5 71c1 2383 5b1a
9d94 70dd b2c8 be5b 6e38 00fc 8d59 46d8
5ddf 7dec 2c63 8e6b d78f 73e3 8e8f c092
adbe b103 3285 f987 3eb5 f527 8519 6e74
6837 7cdf 2835 f25e 972e cb98 f3fd eedd
abe9 af85 37f2 dce8 b133 3ee5 5515 d187
38f1 3ad8 dcf1 2d98 28a1 4636 fad7 1faf
3c8d 6acd d154 7e75 d3f8 9af9 9900 c7de
e335 caeb d362 c25f 9bb1 ae84 72e8 2686
c26d 1b27 f88f 15f3 a7ed d28a 7c3d 005f
e299 7f98 afa0 bc2d 7c5b 48f2 cafd 4d78
07ed b31f dab4 a863 d9b5 7cf4 e73d 7915
df97 bbd5 f933 3c42 f77e 68ee 21d5 fcef
87ba 55ba 96ca db29 6c7d 2ba5 f022 d9e8
ba04 6b36 cdd2 1ddd 7fcf ad70 be1f 477f
0f69 b0b2 e646 855b 1fec d68e a4ad 2ac3
1c6c 5563 53d0 f5cd 7cbc 6928 5d2e e7d8
d6a9 ed2d 27d8 cfba 566f ba2b 3e3b 0996
e0c8 bf33 671c f4ab f221 63c9 a584 155e
ab5f 0d19 389f aa96 2097 cb8c 6e65 cfa0
1566 d5be d128 e47c bd6a 9189 4afc cdfa
55ed 02c1 6f37 7cdb 635c b39c 7615 318f
3333 a951 4637 6751 e1c4 8cb1 964d b1db
db8d cc4a f5ae 17e3 57c4 7bad 7350 fecb
b1f3 3ece a402 00e6 57ec 31ed c7e6 2ba4
d535 a874 dd0e 3926 60b0 48e2 3b78 b3cc
ac7f 88ff 009e d5c5 5908 23f1 05e5 e3c8
1a45 c8e7 9da7 039f c335 f459 7e1e 34bf
78d1 f139 9626 55a7 a6c7 9bf8 c74d 9af2
56b3 0772 c783 71cf f11f e1fc 3fa5 50f1
25ec 3e1d 363a 5d9a ac6b 6e86 f6e9 c7f1
3632 80ff 003f 6cd7 5731 86d1 66be b96d
b6ec ed29 623a 20c9 27fe f906 bc9b 4d8e
f3c7 5aae ada9 bc8c b1dd 4b85 23f8 13ae
3d06 178f c2be bf07 06e0 ea4f fa67 c9e3
2a5a 6a9c 3739 7f89 fa9f da6d 2c12 60ac
e17c e643 fc5b 8f4c 7e38 ad4d 2ecd b59b
88ac b0c3 ec71 a213 8e85 b961 f857 3b69
31f1 578c 350d 566f f905 692e 5577 0e25
65e1 147d 5bf4 15e9 bf0a 7416 6d06 1bdb
c56f 3f50 9be5 0472 db8f 3f87 f8d7 ab8a
fdd5 0505 bfea cf3f 0f27 52bb 974d be4b
fe09 43e3 edc4 67e1 6224 d234 71c9 716e
b1fa 9d91 b703 f4af 1ab7 d695 a48d a38c
c123 0dc8 d1b6 d218 7bfa d7a6 fed4 7749
6d06 9da6 c9b5 5de4 92e8 a9e8 a83e 44e3
dc03 5e77 e1cd 1175 e866 b7fb 5c31 dc70
f083 f2e5 876c 63f0 af43 29a2 bea8 a725
a3d4 e1cc f13f ed1c 89ec 8fa2 bf64 ff00
f828 3eb5 f0ae 48ec 7509 ae2e ed61 c298
a46c fe5d ebf4 2be0 cfed 87e1 9f8c ba64
2b1d f436 f785 4661 98ed 393d 81af c639
7467 123b adc2 9bb8 4ed6 453f 338c f6f7
af4c f0fe b17d e1af 0f69 97b6 da86 cd55
a0fb 4e16 4c2a aef6 501c 7f78 edfc 0115
e5e6 990d 294b da51 d1b3 d7ca f3ea 8a3e
cebe a91f ae5e 2eb1 86f5 0dcd a9f9 f182
a3bf d3d6 b9dd 375c 3692 956f e2e0 f1cd
7cab fb2d feda f79a e58c 76f7 53ef 9adc
88e7 8266 cb44 7a7e 47d6 be9e d135 5d2f
c7d6 9e65 9c8b 6d78 c33e 4b1e 1fdd 4d7c
bd6c 3ce9 cdd3 a8b5 47d4 d0c4 53ab 1538
3d19 afa8 eacd 3da0 5887 99c8 fa8a e62f
3e21 6a5e 13b8 3242 be60 46e5 470d f853
afb4 ed42 c1ca fcdf 2f02 b99f 156b f308
9bcc 8599 bd47 5ace 1420 f73a fdbb 8fc2
7529 fb50 5acf 1b7d aa43 0cf8 dac8 e36e
2b9a d5ff 0068 0d3a d1a4 996e 0b48 bca0
8f9c fe59 af0c f8b5 f13e 6b2b 0bd9 6185
77c1 13be 5c70 a00f 6a4f edeb 5d2f e164
3ae5 baac d707 4c4b b99b 1c92 5c0e 3dab
a160 62d7 30a5 9c54 a7ee 9a1f 12fe 28de
7c4e f12d adbc d198 ac20 db77 12e7 99f9
6009 1e99 56e3 d457 79ae eb3f da5f 0864
8d76 e6de e7cc 073d 8a81 fe15 f33d efc6
7b54 f086 97ab 468a 24d0 eea6 b1ba 39ea
8ffb e462 7d03 8971 f5af 5af0 4fc4 fb1f
167c 2e93 ecf3 2879 2359 c444 f400 e0e3
f03f caba 7118 19c2 29a5 a1f3 b5b3 2f6c
db9c b539 7d62 ebce 9b3b 776d fd2a 8456
cd35 c7ca 9b5b 1927 3576 f641 e795 fef7
239a cdbd f35a ea34 8e46 43d4 fbd4 451e
6c8e 8744 d277 aab3 7a8a f78f 86b7 ff00
d87a 6451 ab6f 0545 78c7 83ef 6078 5639
2451 8207 35ec 9e1a 4b56 b088 a48a a76e
38ae aa1e 4725 637b c49a cade 2a6d c0c5
739a ac0d 7365 2107 3815 6efe 0dd2 88db
708f fbd5 a60c 763a 7b6d 8d64 c2e0 6e15
b75d 4c11 85a1 c4b1 58aa fcb9 c735 e4bf
b477 86e3 f14f 8874 bb75 52d1 79c1 e41d
738a f5eb 685a 352d d0e7 3802 b99f 14e9
eb27 88d6 4b8f b8a3 8028 8d75 462e 5e46
d468 bab3 51f9 9ced be99 1e9f 6cd7 322e
c560 228f 38e1 4571 7ae7 8a27 4bc2 b07c
ab5d 57c5 0d51 9a25 8d7f 771e 395f 403f
c6b9 5d2b 4a8a 789a 491b 1bcf cb9a f2f0
d797 bccf 7ead d5a2 8b0d e23b 38a4 3baf
211e dba8 5f15 d8c8 fb7e d70f b7cd 4d4f
86fe 1f53 b458 a31f 7cff 008d 4d69 e06d
1229 06dd 3edf 1dbf 762b e2ed 47cc fd3f
da54 b01f 17e9 a3e5 3790 7fdf 55bd 16bb
6f73 e175 5b46 574b c9d6 1765 1d14 7240
354a cbc1 da5a cdbb fb3e dd7d 4f94 bfe1
5bba b68f 1dae 8b0a c30a c118 6e02 ae02
b555 3f67 75ca 7063 aa4f d9d9 9e5f e2af
1e37 8abe 2b59 d85b be6d f4dc c51a 81f7
9f1c b63d bb56 a78f eda3 f0a7 86b7 b379
6da9 dc08 4393 c9ce 7737 e40f e558 ff00
053e 1f35 e7c5 bbc9 ae8b 44ba 7b9d ecc3
bb36 720f d01f cab3 7f6b 0b5d 5be3 278c
2cec 7c3e b0c7 a7e8 e4c6 104b b5a4 6279
6fc4 01fa d7da 61f0 f45d 5846 4ec9 2bb6
7c0e 22ad 654e 4e0a eee6 6fc4 cd69 b54f
08e9 3a66 9b0b 5c6a 1e24 c410 44bf 3111
96ce 7f10 00cf a135 6bc7 5f0b efbc 27e1
4b3f 0568 a91c 9ad5 ec3e 6dec e461 6ce2
3cc9 348d d147 5c7b 0af5 8fd9 afe1 35b7
826d 63bf bc8a 2d5b c4cb 6ff6 785c a6fb
7d31 4fde c7bf f3f6 a6fc 66f1 7f82 be1c
c736 99a8 6a4f a85c 5e9f 3ef6 c2d3 335d
ea72 face cbcf 963a 08fe 5518 1d45 7a32
c4c5 c953 a2ae 93be 9d5f 4fb8 f2e3 4650
4ead 5d1b d3d1 1f3c e93f 08ec ef2c c3f9
c6cf c1fa 1132 bddc a36f f6ac a0fc ce3f
d9f4 f6e9 d6b6 3c1b 7f27 8d7c 490b d9ac
9059 a826 3423 0208 57a1 3e84 f5c7 a62b
91f8 d7f1 9dbe 2ceb d67a 658a 49f6 5898
791a 4c4e a624 23a3 49b7 8e3b 2f3e f8ab
1ab7 8dff 00e1 53fc 3597 49b5 b88e ebc4
1a84 81b5 0962 39fb 287f e11e fc63 fc2b
d5a9 85a9 2a69 4be3 96cb b776 ce08 e2a9
a9da 1f0a d6fd fc8e 17f6 c4d5 1ad7 e254
7206 3e4d cdbc 6203 8fbb 1ae5 40fc c139
f7af 31d0 f5af 2a78 2e32 c195 f3bf 3c83
dabd 23f6 bfd6 6d6f 75af 0e2e d6df 1695
196c 7725 dfaf e55e 47f6 9864 87e5 750d
8dd8 07d2 bea3 2ea5 cb85 8c1a d91f 3398
56e6 c4ca 7ddd cf45 f195 bc62 0835 9b3c
ab48 a1e5 18ef ebfc eb57 4599 b5af 0dcf
aa59 e5af 2c5d 3cfb 7619 5950 e791 fe15
cdd9 6abf 6ef8 651c acaa cf67 7be4 b9fe
f23a 1201 fc50 fe75 3c9a ab78 47c3 9a7f
93fb b9a6 3f6a 957f e99f 2a80 fd46 e3f4
2294 e937 1e52 a9d6 f7b9 ba1d 4f84 f5a9
3c1d e37d 2f58 b412 7d86 f5c2 3e0f de53
c3c6 dfed 2e72 3db1 5f69 7c36 f89f 71a4
da37 9df3 359c 8239 0e79 208c ab7e 3fce
be29 f066 ad6f e2eb 87d3 e465 861d 4363
2f61 1ca0 7c92 7b1c f071 d41a fa7b 52f3
3c3d a35d 5d16 5cc9 a5ab ba63 ef3c 7fd4
d7ca 67f4 22ea 415b 5d8f acc8 f10e 309b
be9b 9f59 7837 e2fd 8eb3 651c 5752 c332
c801 5dc7 e61f 8d2f 8fac ad25 d3dd a128
5586 721b ad7c 85e2 0d76 5d5f e126 a171
6b34 f6f7 50db 35cc 1346 4ab7 0b9c e47a
8c1f a835 e5ff 000e bf6f 8f16 68f6 1169
b792 c7a9 8dbe 5219 c904 b76e 7deb c7c3
e535 6bc5 ca9b dba1 efd5 cea8 d16a 357a
ad0f 66fd a7ca e81f 09fc 4578 a177 bc0d
1463 1ebc 7f5f d6bc efe0 778f c7c4 3f80
7e25 b08d 97ed 9a47 86b2 22cf f75d 0f4f
6e6b caff 006a 4f8e de26 f1cf 8374 2b89
750b 38f4 bd5e 390c d656 d014 fb34 91be
36b3 3125 b20a 9cf1 d7a5 61fe c57f 10cf
84fe 23ea 50b4 a506 ada4 dc59 82c7 e5c9
191f a8af a2c2 64ed 6139 9eae f7fb 8f9c
c767 919e 2b96 3a46 d628 681e 2b9a 74d6
b499 a4cd bea5 1f96 559b 1b5d 4e50 fe63
1f42 6bab b3f8 a8ba 5d8c ba6c 32ac 223b
136f f21c 0dd8 1d39 ebf2 d797 fc4c f881
3788 b535 78ed 6cec e65c a4de 4c2a 9bc8
ef90 3be3 bd63 d878 f258 6ced 6ca1 8e1b
7558 ca4d 205c b4ee cc4e e727 d380 00c7
03d6 be82 3855 38a6 d7c8 f99f acb8 cb96
e7d7 1f02 bc6f 378f 3c10 ad72 c1af 2c5f
c895 bbb6 3a1f c457 6417 c8d4 10fd ee3a
9af3 bfd9 e3c0 f278 13c2 4ab7 1709 7571
a814 999a 33f2 81b4 00a0 f7ae f352 97ec
f771 b336 0371 ef5f 038e 50f6 f2f6 7b5c
faac 3c9f b28f 36e4 9ace a125 bcd1 f95f
2f3c 906b d37e 04f8 c64d 7243 6726 f1e4
f76e f5e6 131d d3aa fcad ed5e adfb 3f69
90a4 d2cf b479 98e9 58d1 bdd2 1d68 ae53
d5a4 4dcc a4f2 1456 4ea9 a833 5acc aacc
bb6b 463b e25d f72f 18e9 591a 8b79 f04c
176a f06b aa5b 9c51 5a12 6857 aef6 9f33
2b0f 7ae5 7c61 a87d afc4 5f21 f963 15d2
786a 3ff8 91b1 246e 5cfe 35c7 ead0 e2fe
4332 f2cd c64f 35e7 e39e 963d 8cb6 2b9d
b397 f184 ada8 34c5 8ed5 caa8 cd67 dfcd
f65b 5b78 d554 ed53 c8ad 5f12 a8f2 17f8
7240 fc6a a596 8e6f f4f8 b8e6 3ca9 aca8
cad0 477c e29d 4656 f09d fdd6 bd03 cf34
6615 dd85 19eb 5ab1 4db2 5da1 7eef 1c1a
8e09 21b2 8f62 b2af 5181 4c69 238a 30db
9b3d f0b5 f155 2d27 cc8f d2e3 7b59 9b7a
4c8a b202 57ae 063d 2bae f192 4763 e008
6670 aa37 a962 dee7 1fd6 b85d 1678 ee2f
2de3 5f33 2cc3 f9d6 17ed dbf1 c63f 86de
00d2 f47b 59a3 3acd f309 4460 f314 6b9c
39fa b607 be0d 7b19 1e02 589a dece 28f9
7e23 c62c 3c14 a4f4 20f8 b7f1 73c1 5f0b
b55b a8ae b5cb ab7b ebe5 469e 3b5b 6dec
401e b9ef 9ff3 9af2 59ff 006d cf0b f809
a63e 19f0 8b5f dc48 72d7 7aac bf7c faec
5ff1 af9d 7c43 e20b af11 6a93 5edf ccf7
1753 1dcc ee7a d64b 4ccc dbba d7ea d85e
1bc3 c22b daea cfca 715c 455e 727e cb44
7b27 8cbf 6f9f 889e 29f3 238a fed3 49b3
6057 ecf6 56a8 8b83 c770 4d79 a49e 398f
53de daac 9ab5 e348 773a 4738 8637 efce
0735 8d2c ca3f 8578 aab2 4d19 278c 7a57
b347 0346 92b5 28a4 7935 31d5 aa3b ce57
3a69 7e2f be85 6334 1e1f d2ec f474 9576
bcab 9927 23fd f272 3f0a e7f4 3f1b de69
77b2 4d28 171e 770f b8f5 ef9a a255 4138
21b3 daab cb6c 7965 e3d4 1f4a d634 211d
9184 ab4e 5d4b de26 f164 de24 bbb5 9279
246f b3c5 e58d dcb1 1924 73f8 d64c f346
1f6b 22a8 cf0c 0735 239d 8a37 73c5 5792
1dcb b873 fecf ad75 4745 6463 2d5e a75f
e02d 33cb f0ec f737 d230 d1e3 944f 280d
f35c 3283 b635 1dc9 ce33 d81a c0f1 178b
af35 cd4a 6b89 b68f b41e 5147 11a8 e8a0
7a01 81f8 5517 d46e 2485 2312 36c8 b3b5
7b0a 69bb de9b 645e dc91 4460 b9ae c72a
8ed6 475d f09b 5dfb 5788 ed32 597c 8944
871c 12a3 b7e2 4015 f467 ed3b f1b3 fe10
cd27 4ed3 1653 f6ab 8b24 f388 3f32 e79d
bf8d 7caf e12f 102f 8735 586e a38e 3996
170c 509f bd8a b9e3 4f1a 5d7c 44d6 2e6f
af1b 74f7 0001 9e8b 8e00 af37 1597 7b6c
446a 4b68 afc4 f430 b8ef 6342 508e f23e
b5f8 6be2 ff00 ed0f 824b e631 3ff1 2860
4f60 1415 fe55 f205 cdfc b69a 9a95 6e11
be5f c0d7 a369 df1e edf4 0f86 1269 5049
8ba3 65f6 54ca f720 e7f9 d793 453c 9341
f31e 54e4 573e 5381 953a 955c 9594 9e87
566d 8c8d 5852 8c1e c8f5 7f8c 934d ab7c
25d2 eeb6 c3e5 4739 ba0e a0ef 6f34 2ab0
639c 6032 7180 3a9f 6c79 8f85 f599 340d
5e1b a8db 6b46 c1b2 0d7a 15be a5fd a9f0
2248 e69c 6d85 cdb2 a143 9ddb 83af 3f42
7ae2 bca6 f239 20ca 63e5 6180 d5e8 6023
ee4a 12e8 d9e6 e31d e519 2ec8 b5e2 3d77
edba 8492 47f7 6463 c8fa d76b f0ef e10b
78cb e1ee b1ab 6edb 7368 0340 80fd fdbc
b66b 805b 102d 978f bcc3 ad74 5e13 f136
a1e1 2b82 f637 3243 b861 803f 2b03 d723
a56d 88a7 370b 5276 6634 2715 2bd4 d51f
467e c9de 3e3e 20f0 3ff6 7dc3 6eb9 d2dc
275e 5a33 923f c2bd 535b 4175 7108 ce06
7ad7 ca7f b3c7 c4ab 5f87 ff00 1065 96f9
b659 df46 525c 0c85 6ea0 fe15 f4ac 5e2a
b2f1 2416 f716 3750 dcc4 cdf2 946c fe62
be17 3ac0 ca9e 21ce 2b47 a9f5 395e 254e
8a4d ea8e d7c2 3a14 3a8e b914 6e7e f71d
6bb5 d02f 57e1 ef8d 1610 d986 6e00 af30
d335 e974 dd49 658d 73b7 bd6c 6a9e 2e1a
b5f4 3712 70f1 f3c5 78e9 d8f4 24ae 7d17
1de2 5edb 34bc 0c8c 8c57 35ae ea46 1b49
a4df b768 3dfe b50f 833c 6d6b 79a0 224b
2286 db8e b4ba 9e9b 05fc 4fb5 b729 193e
f5d3 ccba 1c9e cda6 5ff0 bdfb 4da1 ab60
7392 2b97 f133 349a b44b cf1c 9fa9 aea2
c02d a68f 1aa8 0154 73c5 60de 408f a834
ce5b e56c 0c8a f331 ccf6 32db 2d59 ceeb
569e 7cf2 7ca7 6c3b 7771 d2a6 d0ed 5a28
24db f759 f201 15b5 736a a167 8579 6ba6
52bf 415a fa37 86be c964 be62 e0bf 383d
ab8f da28 c126 7a4b 59ea 79f0 8236 6f95
56a7 b78d 4370 b191 db8a af14 ca3e 5348
8eca 09dd b40e f9af 93e5 6f43 f46f 6892
b94f c79e 3eb3 f855 e1c9 b5ab b64d b6bf
3227 4323 f602 be23 f8af f14b 51f8 abe3
1bad 6754 999e e2e0 e00c fcb1 a0e1 557d
80e2 bb2f dab7 e32c 9e3c f147 f66d aca4
e9ba 6b15 183c 48fd 0b7f 4af1 c95f 7938
35fb 2708 e4af 0786 f6d5 7e39 6be8 8fc4
f8cb 3c58 bc4b a347 e08e 9eac 7dcd d6ee
3bfb d559 2f58 0f4f c29a d979 3927 f115
1b2f cd80 b5f6 5ca7 c493 c5a9 abfc ad49
73f2 2ee1 f32f a8ef 5565 81b1 b82f e54e
b6bb 78b8 6f98 75c5 5586 473c 6771 3bbe
b8a6 4778 603f 3559 92dc 4c85 933e bf4a
a572 8477 a7a1 3aa2 ec8a 9770 7f75 bb63
d6b3 dc35 b498 7523 dfd6 a4b5 2c5b 8e69
f35c 6e26 3750 411c e452 e5b0 f9ae 40f1
79ab b97f 1a61 883a 7bf6 f6a9 406b 4914
0f99 5ba1 f5a9 66b7 0f86 53f9 5011 d8a1
2418 ff00 64fb 55ad 3656 dbb5 bef2 f23d
e9de 5acc b83f 7bd6 a38b 304a 3b1e f5a2
6485 e5be dba6 da47 cc77 00dd 29a8 8c15
9597 6fbd 5abe b6f3 220d d4c6 7073 d81a
8a09 248b eeb0 65f4 3474 1b3b 7f03 5d2d
e7c2 7f11 5a37 de85 a2b9 8f8e 7ae0 f3f9
571f b639 0156 1bb9 e6ba 8f87 13b4 b65a
d40a a7ca 7b19 0b8e dc72 3f5a e56e 2e7c
abb0 aabc 77c0 eb5c 9455 aa4d 2feb 437a
bf04 46f9 2164 0bce d5c9 048a 92d8 2b39
e7ef 7e95 1dc4 cd3c e19b eefa 539c 9865
0474 6ae9 dcc3 512f 50c3 22b0 1f30 ad9f
0cf8 c2eb 45be dd6b 7124 2fc3 aec6 dbf9
566d ca7d aed4 b2f5 039a a2ee 7cb8 e45e
0c67 69c7 a1e4 5294 5495 a48a 8cda 7ee9
f407 80ff 006a 1bcb 4658 7548 e3bb 5c63
cc5f 9641 f5f5 af50 f0e7 c44d 3fc5 d106
b3b8 52fd 5a32 76b8 fc2b e42b 49be db1f
5c48 a3b7 7abb a2f8 aee3 46bc 52b3 c91c
8adf 29cf 4af0 b159 0d0a bac3 dd67 a987
cdea 41a8 cf54 7d9c be24 b8d3 0a32 3b8e
3a03 8cd7 59e1 df8b d71f 66d9 271c 7393
d6be 69f0 07ed 06d7 662b 5d5d 97e6 002c
e3b7 d6bd 265b dfb4 d899 6da4 5921 65c8
7539 522b e471 581a d879 5a68 fa1a 189a
5597 344f a53c 07e3 0b7f 13d8 1dd2 0511
f3d6 975d 567b f8fc b70c ac73 807a 57cf
be13 f1cd c695 a788 2290 a966 f998 1af5
cf85 fe26 8f51 85a4 bb93 cc44 3c03 debc
9c5d d277 3d6c 27c5 a1dc f86b c3f2 6abe
2256 db27 971a 80a4 8c8a f437 f0a4 717c
d732 2c46 4fba 1982 f15c bdaf c5fd 3fc3
5b61 b7b3 5926 7c05 1e9e f5f5 2fec 89fb
097f c345 fc3d 9bc5 9e31 bebc d3ed f529
7fe2 571a 10ac f10c 8690 e7f8 49c0 1fee
93de bcbc 0e1e b62a af24 11df 8aaf 0a10
f693 3f3c 1b56 43f7 76d7 0bfb 44fc 516f
02fc 3d98 c322 c779 a81f b3c3 cf6c 7cc4
7d05 7591 dc69 f0a0 cdc4 3d32 32c2 be5a
fdaa bc76 9e2a f1e3 5b5b beeb 4d35 7c84
20f0 cfd5 8ff2 1f85 7470 de56 b158 d8a9
2f76 3ab3 dde2 7cd3 ea78 2938 fc52 d17c
cf2e beba 6bab b918 9cee 39e7 f9d5 59ee
bc90 4460 3b8e e3b5 2493 33b9 8e32 32dc
b37a 522c 4b6b 1617 af72 7bd7 ed31 56d0
fc26 6db7 729d d5d4 f24d 96db d31d 2951
646e 59c0 fa53 e701 c6ea 8a34 64fc fd6a
c9b7 71ed 3cd0 2745 65f5 a8cc fbb9 1f7b
eb53 1930 b8fc eaac b68a df71 b6d3 4c3d
0b11 5f61 b93b 56a6 b8b3 fb40 dcb8 dd8f
c0d6 4992 4b67 1fd7 a1ab 567a 98ca afdd
c0c5 3b76 2579 8d85 5a1b 92bf 768b c05d
030f e138 3572 e02c cead d187 423b fd6a
986d 9234 6d8f 7c8a a42b 042b f6a8 0a8f
bdd6 9f65 36c3 b7d6 a0b5 90c1 2b47 effa
53ae 0793 71f2 93b6 4e47 f5a9 944a 8b2c
5c5b f97f 30e8 7d2a 3bb8 3cd4 dcbc 377a
9eca 4f3d 3631 fa52 ecf2 5b6d 4ad0 7b95
ed67 566d adfc 4307 d8fa d38d bf39 e9fd
0d46 f1f9 5779 c7ca 7a55 c200 0b27 1b5b
e53e c686 1ca6 dfc3 7bf6 b5d7 e48d b762
f2da 5838 f564 207e b5ce 5d47 e45d b6ec
fca7 0735 a5a7 dc1b 0ba8 668c b068 d830
23b5 49e3 3b2d 97fe 72ff 00a9 ba1e 6a1c
75cf 27f5 c8ac d695 7d4d 25ad 3b76 316e
54a8 5ebe 9d6a 665f 3adb fdde 9515 c1f3
2351 5244 336d fdea d4cc 5b39 829d adf7
8f07 dea1 923f 2ae1 e33f 7643 83fd 29d8
00ee 1c32 d375 03e6 22c9 eb80 6a89 4430
cd25 a4dd 70ca 7157 ae1b edb1 6f52 0480
64fb d54b b5f3 82ca bfc4 bcfd 7a53 2dd9
908e 69d8 35d8 d1b5 bc66 b7e3 3be3 3bba
f6ae efc0 7f19 2f3c 269e 5333 4d63 3101
e33f c39f 4f4a f3eb 39bc b937 7af5 a7c3
3794 cd1b 1f94 9c7d 2b9a be1e 1563 c934
6d46 b4a9 bbc5 9f54 782f 56b5 d734 b8ee
ade4 59a3 90f1 83d0 fa1f 7af4 2f05 6b77
1a45 fb42 a995 93e6 53d6 be47 f83b f119
bc0f e288 63ba 666d 3677 0b2a fa67 bfe1
5f59 7823 c273 f8eb c5ba 6c3a 5ccd 7175
a83c 70da c118 dcd3 1720 2850 3b92 457e
7b9d 65ee 84f9 56cf 63ee 327c 62ad 1e6e
ab73 eadf d80f f658 9bf6 a0f8 dd6f 6f70
d29d 1ec5 45d6 ab70 3eec 508f e0cf 40cf
f747 e27b 57e8 bfc4 0d6b c277 a962 dac7
8a23 f05f 866d 55ac 7c3d 0c73 883e d891
6d59 a503 bae7 62af b0f7 ae7f f678 f801
a6fe c87f b3cd a783 5af2 1b3d 4f50 b66d
63c5 fab6 e0a2 cedd 5732 7cdd b007 969f
f023 5f8d ff00 f052 cfdb 9ee3 f6b8 fda2
eeaf b499 66b1 f07f 8753 fb2b c3f6 a848
54b6 438d f8f5 7237 1f6c 57af 94e0 161a
9ff7 9ee7 9b9a 637d bd5b 2f85 6c55 f88e
342f 0278 0b50 d4fe cb1e eb68 498f 701f
339c 851f 9d7c 53ae df19 9e69 99b7 3125
bfde 24e6 be84 fdb4 7c5f 2595 ae9b a0ac
9cc9 9bb9 c0f6 f950 1fc7 27f0 af9a e79b
ed9a 82c6 3955 393e f53c 1b80 f658 575a
5bcb f23d 0e38 cc7d ae2d 61e3 b43f 3649
6313 46ad b9be 671b 8d32 f176 a63a 7bd5
857d b27e 955a f1b2 dd6b ec51 f0dd 0afb
f229 661c 71f5 a8d1 f07e 6eb9 e295 8fcd
c531 0e8f e63f ed53 67ce 08a7 f99f 2e30
3814 81f1 9f5a 092a f9bb fe56 e47d 3a54
325b b5b9 dc3e 68c9 e3da a6bb 84a6 1c7d
d350 accd 09dc bf30 f41d aad0 58b3 673e
30ad c8f7 a9e7 b659 d78e 1bb1 fe95 0417
2b2e 3b1a b11b e57d 8f5a 2408 ce99 fcb9
e36e e4ed 3562 e4ef b3dd ff00 3cce 47f5
a6eb 11fc 9bbf 897a fb8f 5a7d ab89 5707
eeb0 c631 4f74 1d46 5b4f e590 4569 0612
c7bb 927b d63d be54 63fb bc73 5a1a 75c1
0c07 6353 2411 ba1b a87e fa1f 71e9 4ed3
a4fb 446d 1f5d dd3d 88a9 ae60 0acd 8e95
4e19 45b5 d617 38ea 2a4b d4bd 68ff 00c3
8e9d 4574 5656 5ff0 9478 4e6b 354c dee9
b99e 1c7d e923 3f79 7f0e b5cf cff2 9124
7fc4 326b 43c3 9aec ba1e ab0d dc27 f790
36e0 0f43 ec7d 8d67 5a0d ad37 2e9c acec
cc12 31c7 f7ba 7352 44a4 295a e8bc 67e1
b4ba 85b5 9d3d 48d3 ee9f 0ea0 7fc7 b4a7
aa9f 41e8 7bd7 376e fb24 dadd 7be6 aa9d
4538 dc99 45a6 4641 539f e74f 8d3e d113
2f4e 38a7 dcc5 f37d 4e73 50c7 98e5 cd5f
423a 85a2 ee81 d7ef 6df9 87f5 a934 cd0a
eb5c be30 58da dc5d cdb4 b6c8 632e d81d
4e07 34c5 7fb3 de2b 8fba debd 0e6b e83f
d8ef e21f c43f d87f e30f 84fe 2759 693a
c695 e1db cbb8 ece6 d427 d3db ec7a 85b3
3299 6259 1976 3654 67e5 39e3 3da8 94b9
55c2 316e 5647 cf2f 035b ca55 d595 94f4
2306 8bb9 71b1 97b8 c1fe 75fb 69ff 0005
45fd 98fe 0dea 7fb6 4fc2 2f89 9e3d b0b7
87e1 7fc4 8d32 5d17 55bc b476 b44b 5ba3
117b 5ba6 78f1 ced7 0327 23f7 6339 00d7
e5ff 00fc 143f f664 f0a7 ecb1 fb40 def8
6fc1 1e36 d3fc 79e1 99ad a3bd b3d4 2d66
8e56 8c3e 730c 8632 54ba e39c 6320 8380
78ac e9d7 8d4d 0a70 71dc f0fb 5bdd adb5
b9fe 6b5f b51f f06f 67ec 8f71 a57c 366f
8f1e 3ab7 95b4 dd24 bdaf 84ed 6452 4dd4
9f75 a70a 7ae1 898d 0fa9 623a 035f 9aff
00f0 4c5f d847 57fd bfbf 6a6d 13c1 d671
cb0e 8d1b 8bdd 72f9 47cb 6364 8c37 b67a
6e6c 8451 dd98 7607 1fd1 c6ad 75a1 fc2c
f0c6 91a3 f876 ced6 cfc3 be0f 09a2 786b
4f51 88ee ef51 3686 03f8 9214 0589 ee43
1ce6 bcec dab5 0a54 9d4a db45 5df9 58ee
c042 a397 2c1e fa1f 0cff 00c1 6fbf 6ddb
8f86 1e01 93e1 4e95 7bff 0015 6f8c 36df
f8b2 785b fe3c edcf 3159 03d8 6304 8f41
ef5f 91c2 5e58 83c9 3ce0 815f b9be 33f0
f7c2 dd4a 3f12 7847 c49e 0bbc f156 a5e2
7776 bcd4 5ed2 376d 66f8 825d 16e0 b656
68c0 2403 b768 51b7 a015 f937 fb72 fec7
77df b21f c636 d1f7 dc5e 683a b43f 6fd1
aecc 7f34 b013 828e 3b49 1b65 587a 8cf1
9af9 0c87 8ab0 f8f9 ca0d 38f6 bf54 7b38
ecbe 7452 b3b9 e05f b4d7 8cdb c53f 16b5
a9a3 72cb 1ce6 d61e 7f81 3e5f e793 f8d7
9fe9 b004 933f 7b07 39f5 a975 b99a eb53
ba92 462e e493 93ea 49cd 47a5 1c16 afb9
c151 8d1c 3c29 4764 91e1 e618 8956 c44e
acb7 6db2 4ce2 73ea 3d6a 2ba5 dccd 8ab1
ff00 2d1b eb51 5c0c 29ae 88ee 72f5 3381
2252 1bd6 9e78 5cf5 ef4d b91b 529d 17fa
8aa2 2c2e 3e5f 4a88 3ed9 39a9 9864 8a8a
6186 1f5a a885 8901 dc9e be95 52e2 d190
9751 95ea 462a cff0 d3d1 b245 3db5 148c
c3c0 dca6 add9 dc6f 18ff 0022 a1bb 511d
c9da 31bb ad42 8c63 b81b 78a7 bab8 799a
9730 fda2 0e57 9c63 8aa7 a631 f2f1 9c15
f97a 55e8 d8ee 5fa5 531f 2df4 b8fe f66a
5760 f31b 70a6 3b89 140c 6e3b aa48 1cc4
41c9 eb4d b9e6 e57f dcfe b4eb 7182 2aba
01a8 8de6 c233 f371 d2b3 7528 8a3e e0a7
8e6a fd9f fab3 506a 6328 6b34 5f40 d2e5
32db 302d f73e 61f4 a907 eedf 355b 4463
e61f a115 610e 631f 5c55 485d 4e83 c15e
2d5d 0ee5 c4f1 fdaa c6e1 4c77 56c4 e165
43fc 88ea 0f63 5178 c3c2 09a7 18ee ace4
f3ac 6e3e 6824 3cb0 f546 ff00 6874 f7ac
1b77 6134 7cf7 c57a 07c2 651a b26b 7a7d
c813 59fd 91e6 11b7 40eb d187 7047 b573
d5bc 1f32 36a7 69fb b238 363e 6db6 3bad
57f2 7775 fc6a f4c3 6ccf 8fee 934d d3e1
5975 0895 972b 9e95 b736 9731 e5b1 a9e1
9f87 3278 8ec9 a692 e05b c68e aaa0 a92c
d938 e2be a2f0 978a fe2d 7c64 f801 63f0
07c3 ff00 d93e 22d0 f50b a47b 67bd 8d60
bab1 28fb b891 dc2a a83d 4f5c 6457 8ae8
72b4 537c a71f 267a 7a60 8fca bec3 d62e
9f4a f137 836f 6d76 dadd 5d69 914f 2cb0
288d a473 d58e dc64 d797 8ac4 4949 451d
983a 1cf1 72be c7e9 0e9b fb2f f85e fbfe
09d5 e05f 06fc 7cb7 b3f1 17fc 2bdb 682e
ef6d 74fb 969b ed12 c018 4680 aed6 6ca3
0040 c671 d715 f991 ff00 0568 f8b5 2fc7
ab9d 17c1 7e0b fd9f 61f8 7fa0 f87e f0a5
9de4 5a5c 4ba8 5f61 4208 bf72 b855 f981
2819 8925 7273 5f57 ff00 c12f 3c51 a8f8
cf5e f19d 9ead 7d75 a95b 4904 3232 5cc8
64cb 1254 9e79 e9c5 677c 18d1 edfc 53ff
0005 2cf0 7dae a2af 796d 6975 74d0 c52c
8cc9 198d cecc 0ce3 8cff 002f 415c eb13
383f 43a9 6123 2ba3 e9bf f825 27ec 271f
fc13 dbf6 47d3 b456 16f0 fc52 f890 ab7d
ae5d e416 d2a0 d99d 84f6 5850 9f63 231e
7a57 cb7f 16bf e0af de13 d33f 6ffb 58d9
3509 fe14 f822 cae3 42d3 9ecf 0cef 3bb2
89af b07e f166 5201 ce71 cf72 2be9 6ff8
29c7 c49d 73c0 dfb2 27c6 6d6b 47d4 ae34
fd5a 3367 a425 d438 5923 b495 c892 2538
f943 0273 8e7d ebf0 a5ff 0078 db9b 96da
0e7b f39c d716 2a8c 331a 32a1 5be1 968c
da8c a586 a8a5 0e87 ee86 85fb 5cfe cebe
29f8 3d75 1f84 fe21 7876 c35c 9a20 d00d
45fc ab89 2e00 2164 984c 0664 cf59 3ef0
ea0e 6b9e f8a9 f1a3 f67f f147 877c 37a7
f8df c75e 0df1 26a5 a443 28fb 4c72 fda1
4bc8 c1e4 20ae ec02 71d4 e78a fc44 85c8
8cb7 7e6b aad2 102e 9d19 1fc5 9cf3 5f20
b806 9539 a942 b492 5fd6 e7ad 4f37 e6bb
942f 73ff d9